{
  "pairs": [
    "EURUSD",
    "GBPUSD",
    "USDJPY",
    "USDCHF",
    "AUDUSD",
    "USDCAD",
    "NZDUSD",
    "EURJPY",
    "GBPJPY",
    "AUDJPY",
    "NZDJPY",
    "CADJPY"
  ],
  "matrix": [
    [
      1.0,
      0.47,
      -0.57,
      -0.77,
      0.58,
      -0.55,
      0.6,
      0.59,
      0.28,
      0.36,
      0.41,
      0.01
    ],
    [
      0.47,
      1.0,
      -0.28,
      -0.67,
      0.65,
      -0.32,
      0.69,
      0.43,
      0.94,
      0.56,
      0.61,
      0.08
    ],
    [
      -0.57,
      -0.28,
      1.0,
      0.5,
      -0.34,
      0.37,
      -0.26,
      0.28,
      0.07,
      0.08,
      0.1,
      0.54
    ],
    [
      -0.77,
      -0.67,
      0.5,
      1.0,
      -0.61,
      0.57,
      -0.71,
      -0.5,
      -0.51,
      -0.42,
      -0.54,
      -0.11
    ],
    [
      0.58,
      0.65,
      -0.34,
      -0.61,
      1.0,
      -0.56,
      0.85,
      0.41,
      0.54,
      0.91,
      0.74,
      0.23
    ],
    [
      -0.55,
      -0.32,
      0.37,
      0.57,
      -0.56,
      1.0,
      -0.47,
      -0.29,
      -0.2,
      -0.44,
      -0.34,
      -0.58
    ],
    [
      0.6,
      0.69,
      -0.26,
      -0.71,
      0.85,
      -0.47,
      1.0,
      0.53,
      0.62,
      0.78,
      0.93,
      0.22
    ],
    [
      0.59,
      0.43,
      0.28,
      -0.5,
      0.41,
      -0.29,
      0.53,
      1.0,
      0.55,
      0.56,
      0.66,
      0.54
    ],
    [
      0.28,
      0.94,
      0.07,
      -0.51,
      0.54,
      -0.2,
      0.62,
      0.55,
      1.0,
      0.6,
      0.66,
      0.28
    ],
    [
      0.36,
      0.56,
      0.08,
      -0.42,
      0.91,
      -0.44,
      0.78,
      0.56,
      0.6,
      1.0,
      0.83,
      0.48
    ],
    [
      0.41,
      0.61,
      0.1,
      -0.54,
      0.74,
      -0.34,
      0.93,
      0.66,
      0.66,
      0.83,
      1.0,
      0.42
    ],
    [
      0.01,
      0.08,
      0.54,
      -0.11,
      0.23,
      -0.58,
      0.22,
      0.54,
      0.28,
      0.48,
      0.42,
      1.0
    ]
  ],
  "lookback": 50,
  "updated": "2026-05-17T10:01:05.576748"
}