{
  "pairs": [
    "EURUSD",
    "GBPUSD",
    "USDJPY",
    "USDCHF",
    "AUDUSD",
    "USDCAD",
    "NZDUSD",
    "EURJPY",
    "GBPJPY",
    "AUDJPY",
    "NZDJPY",
    "CADJPY"
  ],
  "matrix": [
    [
      1.0,
      0.84,
      -0.36,
      -0.67,
      0.75,
      -0.18,
      0.74,
      0.57,
      0.48,
      -0.22,
      -0.13,
      -0.16
    ],
    [
      0.84,
      1.0,
      -0.43,
      -0.72,
      0.84,
      -0.25,
      0.8,
      0.36,
      0.58,
      -0.39,
      -0.32,
      -0.13
    ],
    [
      -0.36,
      -0.43,
      1.0,
      0.49,
      -0.32,
      0.18,
      -0.37,
      0.55,
      0.48,
      0.07,
      0.18,
      -0.15
    ],
    [
      -0.67,
      -0.72,
      0.49,
      1.0,
      -0.52,
      0.55,
      -0.57,
      -0.17,
      -0.26,
      0.27,
      0.22,
      0.08
    ],
    [
      0.75,
      0.84,
      -0.32,
      -0.52,
      1.0,
      -0.05,
      0.81,
      0.39,
      0.53,
      -0.48,
      -0.32,
      -0.16
    ],
    [
      -0.18,
      -0.25,
      0.18,
      0.55,
      -0.05,
      1.0,
      -0.19,
      0.0,
      -0.07,
      -0.04,
      -0.1,
      0.18
    ],
    [
      0.74,
      0.8,
      -0.37,
      -0.57,
      0.81,
      -0.19,
      1.0,
      0.33,
      0.44,
      -0.4,
      -0.32,
      -0.16
    ],
    [
      0.57,
      0.36,
      0.55,
      -0.17,
      0.39,
      0.0,
      0.33,
      1.0,
      0.85,
      -0.14,
      0.04,
      -0.28
    ],
    [
      0.48,
      0.58,
      0.48,
      -0.26,
      0.53,
      -0.07,
      0.44,
      0.85,
      1.0,
      -0.32,
      -0.15,
      -0.26
    ],
    [
      -0.22,
      -0.39,
      0.07,
      0.27,
      -0.48,
      -0.04,
      -0.4,
      -0.14,
      -0.32,
      1.0,
      0.74,
      -0.03
    ],
    [
      -0.13,
      -0.32,
      0.18,
      0.22,
      -0.32,
      -0.1,
      -0.32,
      0.04,
      -0.15,
      0.74,
      1.0,
      0.1
    ],
    [
      -0.16,
      -0.13,
      -0.15,
      0.08,
      -0.16,
      0.18,
      -0.16,
      -0.28,
      -0.26,
      -0.03,
      0.1,
      1.0
    ]
  ],
  "lookback": 50,
  "updated": "2026-04-25T20:59:13.614294"
}