{
  "pairs": [
    "EURUSD",
    "GBPUSD",
    "USDJPY",
    "USDCHF",
    "AUDUSD",
    "USDCAD",
    "NZDUSD",
    "EURJPY",
    "GBPJPY",
    "AUDJPY",
    "NZDJPY",
    "CADJPY"
  ],
  "matrix": [
    [
      1.0,
      0.95,
      -0.86,
      -0.9,
      0.87,
      -0.7,
      0.8,
      0.4,
      0.59,
      0.65,
      0.57,
      -0.63
    ],
    [
      0.95,
      1.0,
      -0.89,
      -0.88,
      0.86,
      -0.67,
      0.86,
      0.27,
      0.65,
      0.61,
      0.63,
      -0.68
    ],
    [
      -0.86,
      -0.89,
      1.0,
      0.88,
      -0.86,
      0.68,
      -0.83,
      0.11,
      -0.23,
      -0.51,
      -0.51,
      0.82
    ],
    [
      -0.9,
      -0.88,
      0.88,
      1.0,
      -0.79,
      0.67,
      -0.8,
      -0.18,
      -0.41,
      -0.51,
      -0.54,
      0.67
    ],
    [
      0.87,
      0.86,
      -0.86,
      -0.79,
      1.0,
      -0.83,
      0.87,
      0.14,
      0.38,
      0.88,
      0.67,
      -0.52
    ],
    [
      -0.7,
      -0.67,
      0.68,
      0.67,
      -0.83,
      1.0,
      -0.8,
      -0.13,
      -0.29,
      -0.77,
      -0.71,
      0.14
    ],
    [
      0.8,
      0.86,
      -0.83,
      -0.8,
      0.87,
      -0.8,
      1.0,
      0.07,
      0.44,
      0.68,
      0.9,
      -0.5
    ],
    [
      0.4,
      0.27,
      0.11,
      -0.18,
      0.14,
      -0.13,
      0.07,
      1.0,
      0.75,
      0.35,
      0.2,
      0.25
    ],
    [
      0.59,
      0.65,
      -0.23,
      -0.41,
      0.38,
      -0.29,
      0.44,
      0.75,
      1.0,
      0.44,
      0.5,
      -0.09
    ],
    [
      0.65,
      0.61,
      -0.51,
      -0.51,
      0.88,
      -0.77,
      0.68,
      0.35,
      0.44,
      1.0,
      0.66,
      -0.1
    ],
    [
      0.57,
      0.63,
      -0.51,
      -0.54,
      0.67,
      -0.71,
      0.9,
      0.2,
      0.5,
      0.66,
      1.0,
      -0.13
    ],
    [
      -0.63,
      -0.68,
      0.82,
      0.67,
      -0.52,
      0.14,
      -0.5,
      0.25,
      -0.09,
      -0.1,
      -0.13,
      1.0
    ]
  ],
  "lookback": 50,
  "updated": "2026-04-12T14:54:48.252555"
}