{
  "pairs": [
    "EURUSD",
    "GBPUSD",
    "USDJPY",
    "USDCHF",
    "AUDUSD",
    "USDCAD",
    "NZDUSD",
    "EURJPY",
    "GBPJPY",
    "AUDJPY",
    "NZDJPY",
    "CADJPY"
  ],
  "matrix": [
    [
      1.0,
      0.9,
      -0.55,
      -0.75,
      0.79,
      -0.31,
      0.79,
      0.39,
      0.42,
      0.48,
      0.47,
      -0.19
    ],
    [
      0.9,
      1.0,
      -0.67,
      -0.76,
      0.84,
      -0.35,
      0.81,
      0.15,
      0.39,
      0.45,
      0.39,
      -0.25
    ],
    [
      -0.55,
      -0.67,
      1.0,
      0.68,
      -0.49,
      0.37,
      -0.54,
      0.56,
      0.42,
      0.19,
      0.19,
      0.51
    ],
    [
      -0.75,
      -0.76,
      0.68,
      1.0,
      -0.62,
      0.58,
      -0.71,
      0.01,
      -0.08,
      -0.19,
      -0.26,
      0.05
    ],
    [
      0.79,
      0.84,
      -0.49,
      -0.62,
      1.0,
      -0.28,
      0.86,
      0.24,
      0.42,
      0.76,
      0.6,
      -0.16
    ],
    [
      -0.31,
      -0.35,
      0.37,
      0.58,
      -0.28,
      1.0,
      -0.34,
      0.11,
      0.04,
      -0.04,
      -0.09,
      -0.61
    ],
    [
      0.79,
      0.81,
      -0.54,
      -0.71,
      0.86,
      -0.34,
      1.0,
      0.19,
      0.32,
      0.57,
      0.72,
      -0.15
    ],
    [
      0.39,
      0.15,
      0.56,
      0.01,
      0.24,
      0.11,
      0.19,
      1.0,
      0.87,
      0.69,
      0.68,
      0.38
    ],
    [
      0.42,
      0.39,
      0.42,
      -0.08,
      0.42,
      0.04,
      0.32,
      0.87,
      1.0,
      0.79,
      0.72,
      0.32
    ],
    [
      0.48,
      0.45,
      0.19,
      -0.19,
      0.76,
      -0.04,
      0.57,
      0.69,
      0.79,
      1.0,
      0.82,
      0.2
    ],
    [
      0.47,
      0.39,
      0.19,
      -0.26,
      0.6,
      -0.09,
      0.72,
      0.68,
      0.72,
      0.82,
      1.0,
      0.25
    ],
    [
      -0.19,
      -0.25,
      0.51,
      0.05,
      -0.16,
      -0.61,
      -0.15,
      0.38,
      0.32,
      0.2,
      0.25,
      1.0
    ]
  ],
  "lookback": 50,
  "updated": "2026-04-21T14:12:13.400684"
}