{
  "pairs": [
    "EURUSD",
    "GBPUSD",
    "USDJPY",
    "USDCHF",
    "AUDUSD",
    "USDCAD",
    "NZDUSD",
    "EURJPY",
    "GBPJPY",
    "AUDJPY",
    "NZDJPY",
    "CADJPY"
  ],
  "matrix": [
    [
      1.0,
      0.87,
      -0.52,
      -0.73,
      0.79,
      -0.2,
      0.78,
      0.43,
      0.35,
      0.45,
      0.47,
      -0.23
    ],
    [
      0.87,
      1.0,
      -0.56,
      -0.75,
      0.86,
      -0.22,
      0.83,
      0.25,
      0.45,
      0.49,
      0.49,
      -0.25
    ],
    [
      -0.52,
      -0.56,
      1.0,
      0.59,
      -0.44,
      0.18,
      -0.49,
      0.55,
      0.49,
      0.29,
      0.23,
      0.61
    ],
    [
      -0.73,
      -0.75,
      0.59,
      1.0,
      -0.59,
      0.5,
      -0.63,
      -0.09,
      -0.15,
      -0.18,
      -0.24,
      0.04
    ],
    [
      0.79,
      0.86,
      -0.44,
      -0.59,
      1.0,
      -0.06,
      0.83,
      0.31,
      0.44,
      0.73,
      0.59,
      -0.28
    ],
    [
      -0.2,
      -0.22,
      0.18,
      0.5,
      -0.06,
      1.0,
      -0.19,
      -0.0,
      -0.04,
      0.07,
      -0.07,
      -0.67
    ],
    [
      0.78,
      0.83,
      -0.49,
      -0.63,
      0.83,
      -0.19,
      1.0,
      0.25,
      0.34,
      0.51,
      0.73,
      -0.22
    ],
    [
      0.43,
      0.25,
      0.55,
      -0.09,
      0.31,
      -0.0,
      0.25,
      1.0,
      0.86,
      0.75,
      0.7,
      0.41
    ],
    [
      0.35,
      0.45,
      0.49,
      -0.15,
      0.44,
      -0.04,
      0.34,
      0.86,
      1.0,
      0.83,
      0.76,
      0.4
    ],
    [
      0.45,
      0.49,
      0.29,
      -0.18,
      0.73,
      0.07,
      0.51,
      0.75,
      0.83,
      1.0,
      0.8,
      0.17
    ],
    [
      0.47,
      0.49,
      0.23,
      -0.24,
      0.59,
      -0.07,
      0.73,
      0.7,
      0.76,
      0.8,
      1.0,
      0.23
    ],
    [
      -0.23,
      -0.25,
      0.61,
      0.04,
      -0.28,
      -0.67,
      -0.22,
      0.41,
      0.4,
      0.17,
      0.23,
      1.0
    ]
  ],
  "lookback": 50,
  "updated": "2026-04-24T14:54:40.531541"
}