{
  "pairs": [
    "EURUSD",
    "GBPUSD",
    "USDJPY",
    "USDCHF",
    "AUDUSD",
    "USDCAD",
    "NZDUSD",
    "EURJPY",
    "GBPJPY",
    "AUDJPY",
    "NZDJPY",
    "CADJPY"
  ],
  "matrix": [
    [
      1.0,
      0.85,
      -0.49,
      -0.71,
      0.83,
      -0.67,
      0.82,
      -0.19,
      -0.16,
      -0.03,
      0.03,
      -0.24
    ],
    [
      0.85,
      1.0,
      -0.43,
      -0.72,
      0.81,
      -0.71,
      0.81,
      -0.18,
      -0.03,
      0.02,
      0.09,
      -0.17
    ],
    [
      -0.49,
      -0.43,
      1.0,
      0.77,
      -0.45,
      0.17,
      -0.54,
      0.95,
      0.92,
      0.83,
      0.78,
      0.93
    ],
    [
      -0.71,
      -0.72,
      0.77,
      1.0,
      -0.68,
      0.47,
      -0.74,
      0.61,
      0.53,
      0.43,
      0.37,
      0.6
    ],
    [
      0.83,
      0.81,
      -0.45,
      -0.68,
      1.0,
      -0.62,
      0.93,
      -0.21,
      -0.14,
      0.12,
      0.15,
      -0.23
    ],
    [
      -0.67,
      -0.71,
      0.17,
      0.47,
      -0.62,
      1.0,
      -0.68,
      -0.06,
      -0.13,
      -0.2,
      -0.31,
      -0.2
    ],
    [
      0.82,
      0.81,
      -0.54,
      -0.74,
      0.93,
      -0.68,
      1.0,
      -0.31,
      -0.24,
      -0.03,
      0.1,
      -0.3
    ],
    [
      -0.19,
      -0.18,
      0.95,
      0.61,
      -0.21,
      -0.06,
      -0.31,
      1.0,
      0.97,
      0.93,
      0.89,
      0.96
    ],
    [
      -0.16,
      -0.03,
      0.92,
      0.53,
      -0.14,
      -0.13,
      -0.24,
      0.97,
      1.0,
      0.93,
      0.91,
      0.96
    ],
    [
      -0.03,
      0.02,
      0.83,
      0.43,
      0.12,
      -0.2,
      -0.03,
      0.93,
      0.93,
      1.0,
      0.96,
      0.9
    ],
    [
      0.03,
      0.09,
      0.78,
      0.37,
      0.15,
      -0.31,
      0.1,
      0.89,
      0.91,
      0.96,
      1.0,
      0.89
    ],
    [
      -0.24,
      -0.17,
      0.93,
      0.6,
      -0.23,
      -0.2,
      -0.3,
      0.96,
      0.96,
      0.9,
      0.89,
      1.0
    ]
  ],
  "lookback": 50,
  "updated": "2026-05-01T10:45:44.340698"
}