{
  "pairs": [
    "EURUSD",
    "GBPUSD",
    "USDJPY",
    "USDCHF",
    "AUDUSD",
    "USDCAD",
    "NZDUSD",
    "EURJPY",
    "GBPJPY",
    "AUDJPY",
    "NZDJPY",
    "CADJPY"
  ],
  "matrix": [
    [
      1.0,
      0.54,
      -0.64,
      -0.82,
      0.61,
      -0.36,
      0.64,
      0.65,
      0.34,
      0.37,
      0.43,
      -0.16
    ],
    [
      0.54,
      1.0,
      -0.35,
      -0.7,
      0.67,
      -0.27,
      0.72,
      0.49,
      0.94,
      0.56,
      0.63,
      -0.0
    ],
    [
      -0.64,
      -0.35,
      1.0,
      0.55,
      -0.39,
      0.21,
      -0.32,
      0.14,
      -0.0,
      0.03,
      0.05,
      0.56
    ],
    [
      -0.82,
      -0.7,
      0.55,
      1.0,
      -0.64,
      0.38,
      -0.73,
      -0.58,
      -0.55,
      -0.44,
      -0.56,
      0.06
    ],
    [
      0.61,
      0.67,
      -0.39,
      -0.64,
      1.0,
      -0.43,
      0.85,
      0.47,
      0.56,
      0.91,
      0.75,
      0.09
    ],
    [
      -0.36,
      -0.27,
      0.21,
      0.38,
      -0.43,
      1.0,
      -0.41,
      -0.25,
      -0.21,
      -0.36,
      -0.35,
      -0.69
    ],
    [
      0.64,
      0.72,
      -0.32,
      -0.73,
      0.85,
      -0.41,
      1.0,
      0.59,
      0.65,
      0.77,
      0.93,
      0.13
    ],
    [
      0.65,
      0.49,
      0.14,
      -0.58,
      0.47,
      -0.25,
      0.59,
      1.0,
      0.57,
      0.56,
      0.68,
      0.34
    ],
    [
      0.34,
      0.94,
      -0.0,
      -0.55,
      0.56,
      -0.21,
      0.65,
      0.57,
      1.0,
      0.6,
      0.69,
      0.2
    ],
    [
      0.37,
      0.56,
      0.03,
      -0.44,
      0.91,
      -0.36,
      0.77,
      0.56,
      0.6,
      1.0,
      0.82,
      0.35
    ],
    [
      0.43,
      0.63,
      0.05,
      -0.56,
      0.75,
      -0.35,
      0.93,
      0.68,
      0.69,
      0.82,
      1.0,
      0.35
    ],
    [
      -0.16,
      -0.0,
      0.56,
      0.06,
      0.09,
      -0.69,
      0.13,
      0.34,
      0.2,
      0.35,
      0.35,
      1.0
    ]
  ],
  "lookback": 50,
  "updated": "2026-05-16T09:52:59.549995"
}