{
  "pairs": [
    "EURUSD",
    "GBPUSD",
    "USDJPY",
    "USDCHF",
    "AUDUSD",
    "USDCAD",
    "NZDUSD",
    "EURJPY",
    "GBPJPY",
    "AUDJPY",
    "NZDJPY",
    "CADJPY"
  ],
  "matrix": [
    [
      1.0,
      0.63,
      -0.41,
      -0.87,
      0.69,
      -0.51,
      0.74,
      0.15,
      0.11,
      0.17,
      0.32,
      -0.2
    ],
    [
      0.63,
      1.0,
      -0.22,
      -0.76,
      0.77,
      -0.52,
      0.81,
      0.2,
      0.55,
      0.43,
      0.58,
      0.01
    ],
    [
      -0.41,
      -0.22,
      1.0,
      0.52,
      -0.46,
      0.31,
      -0.49,
      0.83,
      0.7,
      0.65,
      0.53,
      0.91
    ],
    [
      -0.87,
      -0.76,
      0.52,
      1.0,
      -0.77,
      0.53,
      -0.85,
      0.01,
      -0.12,
      -0.12,
      -0.31,
      0.3
    ],
    [
      0.69,
      0.77,
      -0.46,
      -0.77,
      1.0,
      -0.61,
      0.87,
      -0.05,
      0.17,
      0.37,
      0.38,
      -0.2
    ],
    [
      -0.51,
      -0.52,
      0.31,
      0.53,
      -0.61,
      1.0,
      -0.53,
      0.03,
      -0.11,
      -0.19,
      -0.2,
      -0.11
    ],
    [
      0.74,
      0.81,
      -0.49,
      -0.85,
      0.87,
      -0.53,
      1.0,
      -0.04,
      0.18,
      0.23,
      0.48,
      -0.27
    ],
    [
      0.15,
      0.2,
      0.83,
      0.01,
      -0.05,
      0.03,
      -0.04,
      1.0,
      0.86,
      0.83,
      0.8,
      0.86
    ],
    [
      0.11,
      0.55,
      0.7,
      -0.12,
      0.17,
      -0.11,
      0.18,
      0.86,
      1.0,
      0.87,
      0.87,
      0.79
    ],
    [
      0.17,
      0.43,
      0.65,
      -0.12,
      0.37,
      -0.19,
      0.23,
      0.83,
      0.87,
      1.0,
      0.87,
      0.77
    ],
    [
      0.32,
      0.58,
      0.53,
      -0.31,
      0.38,
      -0.2,
      0.48,
      0.8,
      0.87,
      0.87,
      1.0,
      0.65
    ],
    [
      -0.2,
      0.01,
      0.91,
      0.3,
      -0.2,
      -0.11,
      -0.27,
      0.86,
      0.79,
      0.77,
      0.65,
      1.0
    ]
  ],
  "lookback": 50,
  "updated": "2026-05-14T06:50:03.442961"
}