{
  "pairs": [
    "EURUSD",
    "GBPUSD",
    "USDJPY",
    "USDCHF",
    "AUDUSD",
    "USDCAD",
    "NZDUSD",
    "EURJPY",
    "GBPJPY",
    "AUDJPY",
    "NZDJPY",
    "CADJPY"
  ],
  "matrix": [
    [
      1.0,
      0.87,
      -0.51,
      -0.72,
      0.77,
      -0.68,
      0.72,
      -0.21,
      -0.18,
      -0.12,
      -0.09,
      -0.27
    ],
    [
      0.87,
      1.0,
      -0.46,
      -0.71,
      0.74,
      -0.7,
      0.69,
      -0.21,
      -0.07,
      -0.09,
      -0.06,
      -0.22
    ],
    [
      -0.51,
      -0.46,
      1.0,
      0.81,
      -0.44,
      0.19,
      -0.52,
      0.95,
      0.92,
      0.86,
      0.8,
      0.94
    ],
    [
      -0.72,
      -0.71,
      0.81,
      1.0,
      -0.65,
      0.42,
      -0.7,
      0.65,
      0.59,
      0.52,
      0.46,
      0.66
    ],
    [
      0.77,
      0.74,
      -0.44,
      -0.65,
      1.0,
      -0.57,
      0.89,
      -0.22,
      -0.16,
      0.09,
      0.11,
      -0.24
    ],
    [
      -0.68,
      -0.7,
      0.19,
      0.42,
      -0.57,
      1.0,
      -0.61,
      -0.03,
      -0.1,
      -0.11,
      -0.2,
      -0.16
    ],
    [
      0.72,
      0.69,
      -0.52,
      -0.7,
      0.89,
      -0.61,
      1.0,
      -0.33,
      -0.27,
      -0.06,
      0.09,
      -0.3
    ],
    [
      -0.21,
      -0.21,
      0.95,
      0.65,
      -0.22,
      -0.03,
      -0.33,
      1.0,
      0.97,
      0.93,
      0.88,
      0.97
    ],
    [
      -0.18,
      -0.07,
      0.92,
      0.59,
      -0.16,
      -0.1,
      -0.27,
      0.97,
      1.0,
      0.92,
      0.88,
      0.96
    ],
    [
      -0.12,
      -0.09,
      0.86,
      0.52,
      0.09,
      -0.11,
      -0.06,
      0.93,
      0.92,
      1.0,
      0.96,
      0.9
    ],
    [
      -0.09,
      -0.06,
      0.8,
      0.46,
      0.11,
      -0.2,
      0.09,
      0.88,
      0.88,
      0.96,
      1.0,
      0.88
    ],
    [
      -0.27,
      -0.22,
      0.94,
      0.66,
      -0.24,
      -0.16,
      -0.3,
      0.97,
      0.96,
      0.9,
      0.88,
      1.0
    ]
  ],
  "lookback": 50,
  "updated": "2026-05-04T06:12:58.012518"
}