{
  "pairs": [
    "EURUSD",
    "GBPUSD",
    "USDJPY",
    "USDCHF",
    "AUDUSD",
    "USDCAD",
    "NZDUSD",
    "EURJPY",
    "GBPJPY",
    "AUDJPY",
    "NZDJPY",
    "CADJPY"
  ],
  "matrix": [
    [
      1.0,
      0.79,
      -0.47,
      -0.88,
      0.76,
      -0.58,
      0.82,
      0.61,
      0.57,
      0.66,
      0.71,
      0.02
    ],
    [
      0.79,
      1.0,
      -0.41,
      -0.69,
      0.64,
      -0.41,
      0.68,
      0.44,
      0.83,
      0.54,
      0.59,
      -0.06
    ],
    [
      -0.47,
      -0.41,
      1.0,
      0.32,
      -0.53,
      0.37,
      -0.46,
      0.41,
      0.17,
      -0.14,
      -0.07,
      0.66
    ],
    [
      -0.88,
      -0.69,
      0.32,
      1.0,
      -0.61,
      0.46,
      -0.67,
      -0.61,
      -0.55,
      -0.55,
      -0.6,
      -0.06
    ],
    [
      0.76,
      0.64,
      -0.53,
      -0.61,
      1.0,
      -0.54,
      0.9,
      0.3,
      0.36,
      0.91,
      0.78,
      -0.07
    ],
    [
      -0.58,
      -0.41,
      0.37,
      0.46,
      -0.54,
      1.0,
      -0.48,
      -0.27,
      -0.22,
      -0.46,
      -0.37,
      -0.46
    ],
    [
      0.82,
      0.68,
      -0.46,
      -0.67,
      0.9,
      -0.48,
      1.0,
      0.43,
      0.46,
      0.83,
      0.92,
      -0.06
    ],
    [
      0.61,
      0.44,
      0.41,
      -0.61,
      0.3,
      -0.27,
      0.43,
      1.0,
      0.74,
      0.55,
      0.66,
      0.61
    ],
    [
      0.57,
      0.83,
      0.17,
      -0.55,
      0.36,
      -0.22,
      0.46,
      0.74,
      1.0,
      0.5,
      0.59,
      0.34
    ],
    [
      0.66,
      0.54,
      -0.14,
      -0.55,
      0.91,
      -0.46,
      0.83,
      0.55,
      0.5,
      1.0,
      0.87,
      0.24
    ],
    [
      0.71,
      0.59,
      -0.07,
      -0.6,
      0.78,
      -0.37,
      0.92,
      0.66,
      0.59,
      0.87,
      1.0,
      0.22
    ],
    [
      0.02,
      -0.06,
      0.66,
      -0.06,
      -0.07,
      -0.46,
      -0.06,
      0.61,
      0.34,
      0.24,
      0.22,
      1.0
    ]
  ],
  "lookback": 50,
  "updated": "2026-05-23T07:09:30.753258"
}