{
  "pairs": [
    "EURUSD",
    "GBPUSD",
    "USDJPY",
    "USDCHF",
    "AUDUSD",
    "USDCAD",
    "NZDUSD",
    "EURJPY",
    "GBPJPY",
    "AUDJPY",
    "NZDJPY",
    "CADJPY"
  ],
  "matrix": [
    [
      1.0,
      0.78,
      -0.53,
      -0.88,
      0.77,
      -0.58,
      0.83,
      0.6,
      0.62,
      0.65,
      0.7,
      -0.04
    ],
    [
      0.78,
      1.0,
      -0.53,
      -0.68,
      0.6,
      -0.32,
      0.65,
      0.37,
      0.87,
      0.44,
      0.5,
      -0.24
    ],
    [
      -0.53,
      -0.53,
      1.0,
      0.41,
      -0.54,
      0.33,
      -0.48,
      0.36,
      -0.04,
      -0.14,
      -0.1,
      0.68
    ],
    [
      -0.88,
      -0.68,
      0.41,
      1.0,
      -0.63,
      0.47,
      -0.7,
      -0.58,
      -0.57,
      -0.53,
      -0.61,
      0.01
    ],
    [
      0.77,
      0.6,
      -0.54,
      -0.63,
      1.0,
      -0.58,
      0.89,
      0.34,
      0.39,
      0.91,
      0.77,
      -0.06
    ],
    [
      -0.58,
      -0.32,
      0.33,
      0.47,
      -0.58,
      1.0,
      -0.51,
      -0.33,
      -0.19,
      -0.52,
      -0.43,
      -0.47
    ],
    [
      0.83,
      0.65,
      -0.48,
      -0.7,
      0.89,
      -0.51,
      1.0,
      0.45,
      0.48,
      0.81,
      0.92,
      -0.06
    ],
    [
      0.6,
      0.37,
      0.36,
      -0.58,
      0.34,
      -0.33,
      0.45,
      1.0,
      0.64,
      0.57,
      0.67,
      0.59
    ],
    [
      0.62,
      0.87,
      -0.04,
      -0.57,
      0.39,
      -0.19,
      0.48,
      0.64,
      1.0,
      0.43,
      0.53,
      0.12
    ],
    [
      0.65,
      0.44,
      -0.14,
      -0.53,
      0.91,
      -0.52,
      0.81,
      0.57,
      0.43,
      1.0,
      0.86,
      0.27
    ],
    [
      0.7,
      0.5,
      -0.1,
      -0.61,
      0.77,
      -0.43,
      0.92,
      0.67,
      0.53,
      0.86,
      1.0,
      0.23
    ],
    [
      -0.04,
      -0.24,
      0.68,
      0.01,
      -0.06,
      -0.47,
      -0.06,
      0.59,
      0.12,
      0.27,
      0.23,
      1.0
    ]
  ],
  "lookback": 50,
  "updated": "2026-05-22T11:20:41.803639"
}