{
  "pairs": [
    "EURUSD",
    "GBPUSD",
    "USDJPY",
    "USDCHF",
    "AUDUSD",
    "USDCAD",
    "NZDUSD",
    "EURJPY",
    "GBPJPY",
    "AUDJPY",
    "NZDJPY",
    "CADJPY"
  ],
  "matrix": [
    [
      1.0,
      0.86,
      -0.53,
      -0.74,
      0.79,
      -0.24,
      0.78,
      0.37,
      0.29,
      0.44,
      0.45,
      -0.23
    ],
    [
      0.86,
      1.0,
      -0.6,
      -0.77,
      0.85,
      -0.26,
      0.81,
      0.16,
      0.36,
      0.45,
      0.43,
      -0.27
    ],
    [
      -0.53,
      -0.6,
      1.0,
      0.68,
      -0.48,
      0.29,
      -0.53,
      0.59,
      0.53,
      0.28,
      0.23,
      0.57
    ],
    [
      -0.74,
      -0.77,
      0.68,
      1.0,
      -0.57,
      0.53,
      -0.65,
      0.05,
      -0.02,
      -0.08,
      -0.17,
      0.1
    ],
    [
      0.79,
      0.85,
      -0.48,
      -0.57,
      1.0,
      -0.16,
      0.83,
      0.22,
      0.34,
      0.71,
      0.56,
      -0.25
    ],
    [
      -0.24,
      -0.26,
      0.29,
      0.53,
      -0.16,
      1.0,
      -0.24,
      0.09,
      0.07,
      0.05,
      -0.03,
      -0.62
    ],
    [
      0.78,
      0.81,
      -0.53,
      -0.65,
      0.83,
      -0.24,
      1.0,
      0.16,
      0.24,
      0.48,
      0.7,
      -0.23
    ],
    [
      0.37,
      0.16,
      0.59,
      0.05,
      0.22,
      0.09,
      0.16,
      1.0,
      0.85,
      0.72,
      0.68,
      0.41
    ],
    [
      0.29,
      0.36,
      0.53,
      -0.02,
      0.34,
      0.07,
      0.24,
      0.85,
      1.0,
      0.8,
      0.72,
      0.38
    ],
    [
      0.44,
      0.45,
      0.28,
      -0.08,
      0.71,
      0.05,
      0.48,
      0.72,
      0.8,
      1.0,
      0.79,
      0.18
    ],
    [
      0.45,
      0.43,
      0.23,
      -0.17,
      0.56,
      -0.03,
      0.7,
      0.68,
      0.72,
      0.79,
      1.0,
      0.21
    ],
    [
      -0.23,
      -0.27,
      0.57,
      0.1,
      -0.25,
      -0.62,
      -0.23,
      0.41,
      0.38,
      0.18,
      0.21,
      1.0
    ]
  ],
  "lookback": 50,
  "updated": "2026-04-23T09:59:30.681946"
}