{
  "pairs": [
    "EURUSD",
    "GBPUSD",
    "USDJPY",
    "USDCHF",
    "AUDUSD",
    "USDCAD",
    "NZDUSD",
    "EURJPY",
    "GBPJPY",
    "AUDJPY",
    "NZDJPY",
    "CADJPY"
  ],
  "matrix": [
    [
      1.0,
      0.94,
      -0.46,
      -0.9,
      0.83,
      -0.52,
      0.82,
      0.05,
      0.14,
      0.21,
      0.3,
      -0.29
    ],
    [
      0.94,
      1.0,
      -0.4,
      -0.88,
      0.8,
      -0.58,
      0.83,
      0.09,
      0.25,
      0.24,
      0.39,
      -0.2
    ],
    [
      -0.46,
      -0.4,
      1.0,
      0.6,
      -0.4,
      0.39,
      -0.48,
      0.86,
      0.79,
      0.67,
      0.56,
      0.92
    ],
    [
      -0.9,
      -0.88,
      0.6,
      1.0,
      -0.82,
      0.49,
      -0.82,
      0.15,
      0.04,
      -0.06,
      -0.18,
      0.45
    ],
    [
      0.83,
      0.8,
      -0.4,
      -0.82,
      1.0,
      -0.49,
      0.88,
      0.02,
      0.11,
      0.4,
      0.43,
      -0.24
    ],
    [
      -0.52,
      -0.58,
      0.39,
      0.49,
      -0.49,
      1.0,
      -0.52,
      0.14,
      0.02,
      0.0,
      -0.1,
      0.01
    ],
    [
      0.82,
      0.83,
      -0.48,
      -0.82,
      0.88,
      -0.52,
      1.0,
      -0.08,
      0.05,
      0.23,
      0.46,
      -0.31
    ],
    [
      0.05,
      0.09,
      0.86,
      0.15,
      0.02,
      0.14,
      -0.08,
      1.0,
      0.97,
      0.88,
      0.8,
      0.88
    ],
    [
      0.14,
      0.25,
      0.79,
      0.04,
      0.11,
      0.02,
      0.05,
      0.97,
      1.0,
      0.88,
      0.85,
      0.85
    ],
    [
      0.21,
      0.24,
      0.67,
      -0.06,
      0.4,
      0.0,
      0.23,
      0.88,
      0.88,
      1.0,
      0.9,
      0.73
    ],
    [
      0.3,
      0.39,
      0.56,
      -0.18,
      0.43,
      -0.1,
      0.46,
      0.8,
      0.85,
      0.9,
      1.0,
      0.64
    ],
    [
      -0.29,
      -0.2,
      0.92,
      0.45,
      -0.24,
      0.01,
      -0.31,
      0.88,
      0.85,
      0.73,
      0.64,
      1.0
    ]
  ],
  "lookback": 50,
  "updated": "2026-05-09T05:58:57.985368"
}