{
  "pairs": [
    "EURUSD",
    "GBPUSD",
    "USDJPY",
    "USDCHF",
    "AUDUSD",
    "USDCAD",
    "NZDUSD",
    "EURJPY",
    "GBPJPY",
    "AUDJPY",
    "NZDJPY",
    "CADJPY"
  ],
  "matrix": [
    [
      1.0,
      0.86,
      -0.48,
      -0.71,
      0.85,
      -0.67,
      0.83,
      -0.17,
      -0.13,
      0.01,
      0.08,
      -0.23
    ],
    [
      0.86,
      1.0,
      -0.43,
      -0.73,
      0.82,
      -0.71,
      0.82,
      -0.17,
      -0.03,
      0.04,
      0.12,
      -0.17
    ],
    [
      -0.48,
      -0.43,
      1.0,
      0.76,
      -0.46,
      0.16,
      -0.54,
      0.95,
      0.91,
      0.82,
      0.76,
      0.93
    ],
    [
      -0.71,
      -0.73,
      0.76,
      1.0,
      -0.69,
      0.46,
      -0.75,
      0.6,
      0.51,
      0.41,
      0.33,
      0.59
    ],
    [
      0.85,
      0.82,
      -0.46,
      -0.69,
      1.0,
      -0.62,
      0.92,
      -0.21,
      -0.14,
      0.12,
      0.16,
      -0.23
    ],
    [
      -0.67,
      -0.71,
      0.16,
      0.46,
      -0.62,
      1.0,
      -0.67,
      -0.07,
      -0.15,
      -0.22,
      -0.33,
      -0.21
    ],
    [
      0.83,
      0.82,
      -0.54,
      -0.75,
      0.92,
      -0.67,
      1.0,
      -0.31,
      -0.23,
      -0.02,
      0.13,
      -0.29
    ],
    [
      -0.17,
      -0.17,
      0.95,
      0.6,
      -0.21,
      -0.07,
      -0.31,
      1.0,
      0.97,
      0.93,
      0.88,
      0.96
    ],
    [
      -0.13,
      -0.03,
      0.91,
      0.51,
      -0.14,
      -0.15,
      -0.23,
      0.97,
      1.0,
      0.93,
      0.9,
      0.96
    ],
    [
      0.01,
      0.04,
      0.82,
      0.41,
      0.12,
      -0.22,
      -0.02,
      0.93,
      0.93,
      1.0,
      0.96,
      0.9
    ],
    [
      0.08,
      0.12,
      0.76,
      0.33,
      0.16,
      -0.33,
      0.13,
      0.88,
      0.9,
      0.96,
      1.0,
      0.88
    ],
    [
      -0.23,
      -0.17,
      0.93,
      0.59,
      -0.23,
      -0.21,
      -0.29,
      0.96,
      0.96,
      0.9,
      0.88,
      1.0
    ]
  ],
  "lookback": 50,
  "updated": "2026-05-01T08:00:56.338563"
}