{
  "pairs": [
    "EURUSD",
    "GBPUSD",
    "USDJPY",
    "USDCHF",
    "AUDUSD",
    "USDCAD",
    "NZDUSD",
    "EURJPY",
    "GBPJPY",
    "AUDJPY",
    "NZDJPY",
    "CADJPY"
  ],
  "matrix": [
    [
      1.0,
      0.62,
      -0.7,
      -0.87,
      0.69,
      -0.47,
      0.71,
      0.63,
      0.38,
      0.43,
      0.49,
      -0.17
    ],
    [
      0.62,
      1.0,
      -0.44,
      -0.76,
      0.71,
      -0.38,
      0.76,
      0.51,
      0.91,
      0.6,
      0.66,
      -0.01
    ],
    [
      -0.7,
      -0.44,
      1.0,
      0.66,
      -0.52,
      0.31,
      -0.47,
      0.08,
      -0.04,
      -0.08,
      -0.08,
      0.56
    ],
    [
      -0.87,
      -0.76,
      0.66,
      1.0,
      -0.72,
      0.48,
      -0.79,
      -0.57,
      -0.55,
      -0.49,
      -0.6,
      0.11
    ],
    [
      0.69,
      0.71,
      -0.52,
      -0.72,
      1.0,
      -0.52,
      0.87,
      0.46,
      0.56,
      0.89,
      0.74,
      0.03
    ],
    [
      -0.47,
      -0.38,
      0.31,
      0.48,
      -0.52,
      1.0,
      -0.47,
      -0.32,
      -0.28,
      -0.44,
      -0.39,
      -0.6
    ],
    [
      0.71,
      0.76,
      -0.47,
      -0.79,
      0.87,
      -0.47,
      1.0,
      0.56,
      0.63,
      0.76,
      0.92,
      0.04
    ],
    [
      0.63,
      0.51,
      0.08,
      -0.57,
      0.46,
      -0.32,
      0.56,
      1.0,
      0.61,
      0.58,
      0.67,
      0.37
    ],
    [
      0.38,
      0.91,
      -0.04,
      -0.55,
      0.56,
      -0.28,
      0.63,
      0.61,
      1.0,
      0.62,
      0.69,
      0.25
    ],
    [
      0.43,
      0.6,
      -0.08,
      -0.49,
      0.89,
      -0.44,
      0.76,
      0.58,
      0.62,
      1.0,
      0.82,
      0.32
    ],
    [
      0.49,
      0.66,
      -0.08,
      -0.6,
      0.74,
      -0.39,
      0.92,
      0.67,
      0.69,
      0.82,
      1.0,
      0.29
    ],
    [
      -0.17,
      -0.01,
      0.56,
      0.11,
      0.03,
      -0.6,
      0.04,
      0.37,
      0.25,
      0.32,
      0.29,
      1.0
    ]
  ],
  "lookback": 50,
  "updated": "2026-05-15T12:12:36.197458"
}