{
  "pairs": [
    "EURUSD",
    "GBPUSD",
    "USDJPY",
    "USDCHF",
    "AUDUSD",
    "USDCAD",
    "NZDUSD",
    "EURJPY",
    "GBPJPY",
    "AUDJPY",
    "NZDJPY",
    "CADJPY"
  ],
  "matrix": [
    [
      1.0,
      0.71,
      -0.41,
      -0.88,
      0.84,
      -0.52,
      0.82,
      0.15,
      0.17,
      0.34,
      0.43,
      -0.21
    ],
    [
      0.71,
      1.0,
      -0.24,
      -0.82,
      0.81,
      -0.55,
      0.86,
      0.21,
      0.53,
      0.47,
      0.63,
      -0.0
    ],
    [
      -0.41,
      -0.24,
      1.0,
      0.53,
      -0.42,
      0.33,
      -0.48,
      0.83,
      0.69,
      0.61,
      0.47,
      0.91
    ],
    [
      -0.88,
      -0.82,
      0.53,
      1.0,
      -0.86,
      0.55,
      -0.9,
      0.03,
      -0.15,
      -0.23,
      -0.4,
      0.31
    ],
    [
      0.84,
      0.81,
      -0.42,
      -0.86,
      1.0,
      -0.58,
      0.91,
      0.08,
      0.24,
      0.47,
      0.52,
      -0.18
    ],
    [
      -0.52,
      -0.55,
      0.33,
      0.55,
      -0.58,
      1.0,
      -0.57,
      0.05,
      -0.12,
      -0.18,
      -0.25,
      -0.09
    ],
    [
      0.82,
      0.86,
      -0.48,
      -0.9,
      0.91,
      -0.57,
      1.0,
      0.01,
      0.23,
      0.33,
      0.54,
      -0.25
    ],
    [
      0.15,
      0.21,
      0.83,
      0.03,
      0.08,
      0.05,
      0.01,
      1.0,
      0.89,
      0.88,
      0.8,
      0.86
    ],
    [
      0.17,
      0.53,
      0.69,
      -0.15,
      0.24,
      -0.12,
      0.23,
      0.89,
      1.0,
      0.88,
      0.89,
      0.79
    ],
    [
      0.34,
      0.47,
      0.61,
      -0.23,
      0.47,
      -0.18,
      0.33,
      0.88,
      0.88,
      1.0,
      0.91,
      0.72
    ],
    [
      0.43,
      0.63,
      0.47,
      -0.4,
      0.52,
      -0.25,
      0.54,
      0.8,
      0.89,
      0.91,
      1.0,
      0.62
    ],
    [
      -0.21,
      -0.0,
      0.91,
      0.31,
      -0.18,
      -0.09,
      -0.25,
      0.86,
      0.79,
      0.72,
      0.62,
      1.0
    ]
  ],
  "lookback": 50,
  "updated": "2026-05-12T10:43:36.498074"
}