{
  "pairs": [
    "EURUSD",
    "GBPUSD",
    "USDJPY",
    "USDCHF",
    "AUDUSD",
    "USDCAD",
    "NZDUSD",
    "EURJPY",
    "GBPJPY",
    "AUDJPY",
    "NZDJPY",
    "CADJPY"
  ],
  "matrix": [
    [
      1.0,
      0.78,
      -0.5,
      -0.79,
      0.77,
      -0.58,
      0.77,
      0.32,
      0.16,
      0.36,
      0.42,
      -0.05
    ],
    [
      0.78,
      1.0,
      -0.3,
      -0.78,
      0.76,
      -0.57,
      0.77,
      0.35,
      0.51,
      0.51,
      0.55,
      0.12
    ],
    [
      -0.5,
      -0.3,
      1.0,
      0.31,
      -0.39,
      0.21,
      -0.34,
      0.66,
      0.67,
      0.42,
      0.36,
      0.75
    ],
    [
      -0.79,
      -0.78,
      0.31,
      1.0,
      -0.68,
      0.59,
      -0.65,
      -0.36,
      -0.33,
      -0.43,
      -0.44,
      -0.13
    ],
    [
      0.77,
      0.76,
      -0.39,
      -0.68,
      1.0,
      -0.58,
      0.9,
      0.25,
      0.25,
      0.67,
      0.62,
      0.05
    ],
    [
      -0.58,
      -0.57,
      0.21,
      0.59,
      -0.58,
      1.0,
      -0.69,
      -0.27,
      -0.25,
      -0.4,
      -0.54,
      -0.49
    ],
    [
      0.77,
      0.77,
      -0.34,
      -0.65,
      0.9,
      -0.69,
      1.0,
      0.3,
      0.29,
      0.62,
      0.76,
      0.17
    ],
    [
      0.32,
      0.35,
      0.66,
      -0.36,
      0.25,
      -0.27,
      0.3,
      1.0,
      0.87,
      0.77,
      0.76,
      0.77
    ],
    [
      0.16,
      0.51,
      0.67,
      -0.33,
      0.25,
      -0.25,
      0.29,
      0.87,
      1.0,
      0.78,
      0.75,
      0.77
    ],
    [
      0.36,
      0.51,
      0.42,
      -0.43,
      0.67,
      -0.4,
      0.62,
      0.77,
      0.78,
      1.0,
      0.9,
      0.64
    ],
    [
      0.42,
      0.55,
      0.36,
      -0.44,
      0.62,
      -0.54,
      0.76,
      0.76,
      0.75,
      0.9,
      1.0,
      0.69
    ],
    [
      -0.05,
      0.12,
      0.75,
      -0.13,
      0.05,
      -0.49,
      0.17,
      0.77,
      0.77,
      0.64,
      0.69,
      1.0
    ]
  ],
  "lookback": 50,
  "updated": "2026-04-29T10:20:47.565837"
}