{
  "pairs": [
    "EURUSD",
    "GBPUSD",
    "USDJPY",
    "USDCHF",
    "AUDUSD",
    "USDCAD",
    "NZDUSD",
    "EURJPY",
    "GBPJPY",
    "AUDJPY",
    "NZDJPY",
    "CADJPY"
  ],
  "matrix": [
    [
      1.0,
      0.47,
      -0.58,
      -0.76,
      0.58,
      -0.55,
      0.61,
      0.59,
      0.28,
      0.36,
      0.41,
      0.02
    ],
    [
      0.47,
      1.0,
      -0.28,
      -0.66,
      0.65,
      -0.32,
      0.69,
      0.43,
      0.94,
      0.56,
      0.61,
      0.08
    ],
    [
      -0.58,
      -0.28,
      1.0,
      0.48,
      -0.34,
      0.38,
      -0.27,
      0.28,
      0.07,
      0.08,
      0.09,
      0.53
    ],
    [
      -0.76,
      -0.66,
      0.48,
      1.0,
      -0.61,
      0.56,
      -0.7,
      -0.51,
      -0.51,
      -0.43,
      -0.55,
      -0.12
    ],
    [
      0.58,
      0.65,
      -0.34,
      -0.61,
      1.0,
      -0.56,
      0.85,
      0.42,
      0.54,
      0.91,
      0.75,
      0.23
    ],
    [
      -0.55,
      -0.32,
      0.38,
      0.56,
      -0.56,
      1.0,
      -0.47,
      -0.29,
      -0.2,
      -0.44,
      -0.35,
      -0.58
    ],
    [
      0.61,
      0.69,
      -0.27,
      -0.7,
      0.85,
      -0.47,
      1.0,
      0.53,
      0.62,
      0.78,
      0.93,
      0.22
    ],
    [
      0.59,
      0.43,
      0.28,
      -0.51,
      0.42,
      -0.29,
      0.53,
      1.0,
      0.55,
      0.56,
      0.66,
      0.54
    ],
    [
      0.28,
      0.94,
      0.07,
      -0.51,
      0.54,
      -0.2,
      0.62,
      0.55,
      1.0,
      0.6,
      0.67,
      0.28
    ],
    [
      0.36,
      0.56,
      0.08,
      -0.43,
      0.91,
      -0.44,
      0.78,
      0.56,
      0.6,
      1.0,
      0.83,
      0.48
    ],
    [
      0.41,
      0.61,
      0.09,
      -0.55,
      0.75,
      -0.35,
      0.93,
      0.66,
      0.67,
      0.83,
      1.0,
      0.42
    ],
    [
      0.02,
      0.08,
      0.53,
      -0.12,
      0.23,
      -0.58,
      0.22,
      0.54,
      0.28,
      0.48,
      0.42,
      1.0
    ]
  ],
  "lookback": 50,
  "updated": "2026-05-17T04:35:12.505037"
}