{
  "pairs": [
    "EURUSD",
    "GBPUSD",
    "USDJPY",
    "USDCHF",
    "AUDUSD",
    "USDCAD",
    "NZDUSD",
    "EURJPY",
    "GBPJPY",
    "AUDJPY",
    "NZDJPY",
    "CADJPY"
  ],
  "matrix": [
    [
      1.0,
      0.95,
      -0.84,
      -0.86,
      0.86,
      -0.69,
      0.82,
      0.46,
      0.62,
      0.65,
      0.61,
      -0.54
    ],
    [
      0.95,
      1.0,
      -0.88,
      -0.89,
      0.86,
      -0.7,
      0.86,
      0.32,
      0.66,
      0.62,
      0.64,
      -0.58
    ],
    [
      -0.84,
      -0.88,
      1.0,
      0.85,
      -0.83,
      0.68,
      -0.84,
      0.08,
      -0.22,
      -0.47,
      -0.51,
      0.76
    ],
    [
      -0.86,
      -0.89,
      0.85,
      1.0,
      -0.78,
      0.73,
      -0.78,
      -0.21,
      -0.48,
      -0.52,
      -0.55,
      0.51
    ],
    [
      0.86,
      0.86,
      -0.83,
      -0.78,
      1.0,
      -0.84,
      0.9,
      0.23,
      0.45,
      0.88,
      0.75,
      -0.38
    ],
    [
      -0.69,
      -0.7,
      0.68,
      0.73,
      -0.84,
      1.0,
      -0.81,
      -0.15,
      -0.35,
      -0.75,
      -0.72,
      0.04
    ],
    [
      0.82,
      0.86,
      -0.84,
      -0.78,
      0.9,
      -0.81,
      1.0,
      0.14,
      0.44,
      0.72,
      0.9,
      -0.42
    ],
    [
      0.46,
      0.32,
      0.08,
      -0.21,
      0.23,
      -0.15,
      0.14,
      1.0,
      0.78,
      0.43,
      0.28,
      0.25
    ],
    [
      0.62,
      0.66,
      -0.22,
      -0.48,
      0.45,
      -0.35,
      0.44,
      0.78,
      1.0,
      0.52,
      0.51,
      0.01
    ],
    [
      0.65,
      0.62,
      -0.47,
      -0.52,
      0.88,
      -0.75,
      0.72,
      0.43,
      0.52,
      1.0,
      0.75,
      0.03
    ],
    [
      0.61,
      0.64,
      -0.51,
      -0.55,
      0.75,
      -0.72,
      0.9,
      0.28,
      0.51,
      0.75,
      1.0,
      -0.06
    ],
    [
      -0.54,
      -0.58,
      0.76,
      0.51,
      -0.38,
      0.04,
      -0.42,
      0.25,
      0.01,
      0.03,
      -0.06,
      1.0
    ]
  ],
  "lookback": 50,
  "updated": "2026-04-14T06:13:24.939008"
}