{
  "pairs": [
    "EURUSD",
    "GBPUSD",
    "USDJPY",
    "USDCHF",
    "AUDUSD",
    "USDCAD",
    "NZDUSD",
    "EURJPY",
    "GBPJPY",
    "AUDJPY",
    "NZDJPY",
    "CADJPY"
  ],
  "matrix": [
    [
      1.0,
      0.94,
      -0.47,
      -0.74,
      0.8,
      -0.59,
      0.75,
      -0.17,
      -0.06,
      -0.03,
      0.02,
      -0.29
    ],
    [
      0.94,
      1.0,
      -0.47,
      -0.75,
      0.79,
      -0.7,
      0.78,
      -0.19,
      -0.02,
      -0.03,
      0.05,
      -0.25
    ],
    [
      -0.47,
      -0.47,
      1.0,
      0.83,
      -0.37,
      0.21,
      -0.48,
      0.95,
      0.89,
      0.84,
      0.76,
      0.95
    ],
    [
      -0.74,
      -0.75,
      0.83,
      1.0,
      -0.67,
      0.43,
      -0.74,
      0.66,
      0.56,
      0.48,
      0.38,
      0.71
    ],
    [
      0.8,
      0.79,
      -0.37,
      -0.67,
      1.0,
      -0.46,
      0.88,
      -0.13,
      -0.02,
      0.19,
      0.23,
      -0.23
    ],
    [
      -0.59,
      -0.7,
      0.21,
      0.43,
      -0.46,
      1.0,
      -0.5,
      0.03,
      -0.11,
      -0.05,
      -0.13,
      -0.11
    ],
    [
      0.75,
      0.78,
      -0.48,
      -0.74,
      0.88,
      -0.5,
      1.0,
      -0.27,
      -0.15,
      0.01,
      0.2,
      -0.33
    ],
    [
      -0.17,
      -0.19,
      0.95,
      0.66,
      -0.13,
      0.03,
      -0.27,
      1.0,
      0.98,
      0.93,
      0.86,
      0.96
    ],
    [
      -0.06,
      -0.02,
      0.89,
      0.56,
      -0.02,
      -0.11,
      -0.15,
      0.98,
      1.0,
      0.93,
      0.89,
      0.95
    ],
    [
      -0.03,
      -0.03,
      0.84,
      0.48,
      0.19,
      -0.05,
      0.01,
      0.93,
      0.93,
      1.0,
      0.95,
      0.87
    ],
    [
      0.02,
      0.05,
      0.76,
      0.38,
      0.23,
      -0.13,
      0.2,
      0.86,
      0.89,
      0.95,
      1.0,
      0.82
    ],
    [
      -0.29,
      -0.25,
      0.95,
      0.71,
      -0.23,
      -0.11,
      -0.33,
      0.96,
      0.95,
      0.87,
      0.82,
      1.0
    ]
  ],
  "lookback": 50,
  "updated": "2026-05-05T21:17:51.360248"
}