{
  "pairs": [
    "EURUSD",
    "GBPUSD",
    "USDJPY",
    "USDCHF",
    "AUDUSD",
    "USDCAD",
    "NZDUSD",
    "EURJPY",
    "GBPJPY",
    "AUDJPY",
    "NZDJPY",
    "CADJPY"
  ],
  "matrix": [
    [
      1.0,
      0.66,
      -0.43,
      -0.88,
      0.74,
      -0.55,
      0.78,
      0.15,
      0.13,
      0.24,
      0.38,
      -0.2
    ],
    [
      0.66,
      1.0,
      -0.24,
      -0.78,
      0.78,
      -0.55,
      0.83,
      0.2,
      0.55,
      0.47,
      0.61,
      0.01
    ],
    [
      -0.43,
      -0.24,
      1.0,
      0.53,
      -0.47,
      0.34,
      -0.5,
      0.82,
      0.68,
      0.58,
      0.47,
      0.9
    ],
    [
      -0.88,
      -0.78,
      0.53,
      1.0,
      -0.8,
      0.58,
      -0.86,
      0.0,
      -0.14,
      -0.2,
      -0.37,
      0.29
    ],
    [
      0.74,
      0.78,
      -0.47,
      -0.8,
      1.0,
      -0.66,
      0.89,
      -0.02,
      0.19,
      0.44,
      0.45,
      -0.19
    ],
    [
      -0.55,
      -0.55,
      0.34,
      0.58,
      -0.66,
      1.0,
      -0.58,
      0.01,
      -0.13,
      -0.26,
      -0.26,
      -0.11
    ],
    [
      0.78,
      0.83,
      -0.5,
      -0.86,
      0.89,
      -0.58,
      1.0,
      -0.02,
      0.2,
      0.3,
      0.53,
      -0.26
    ],
    [
      0.15,
      0.2,
      0.82,
      0.0,
      -0.02,
      0.01,
      -0.02,
      1.0,
      0.86,
      0.82,
      0.78,
      0.86
    ],
    [
      0.13,
      0.55,
      0.68,
      -0.14,
      0.19,
      -0.13,
      0.2,
      0.86,
      1.0,
      0.86,
      0.87,
      0.78
    ],
    [
      0.24,
      0.47,
      0.58,
      -0.2,
      0.44,
      -0.26,
      0.3,
      0.82,
      0.86,
      1.0,
      0.88,
      0.74
    ],
    [
      0.38,
      0.61,
      0.47,
      -0.37,
      0.45,
      -0.26,
      0.53,
      0.78,
      0.87,
      0.88,
      1.0,
      0.62
    ],
    [
      -0.2,
      0.01,
      0.9,
      0.29,
      -0.19,
      -0.11,
      -0.26,
      0.86,
      0.78,
      0.74,
      0.62,
      1.0
    ]
  ],
  "lookback": 50,
  "updated": "2026-05-13T19:41:57.584546"
}