{
  "pairs": [
    "EURUSD",
    "GBPUSD",
    "USDJPY",
    "USDCHF",
    "AUDUSD",
    "USDCAD",
    "NZDUSD",
    "EURJPY",
    "GBPJPY",
    "AUDJPY",
    "NZDJPY",
    "CADJPY"
  ],
  "matrix": [
    [
      1.0,
      0.86,
      -0.53,
      -0.74,
      0.77,
      -0.23,
      0.78,
      0.37,
      0.29,
      0.42,
      0.43,
      -0.23
    ],
    [
      0.86,
      1.0,
      -0.61,
      -0.75,
      0.83,
      -0.24,
      0.81,
      0.14,
      0.34,
      0.42,
      0.4,
      -0.29
    ],
    [
      -0.53,
      -0.61,
      1.0,
      0.7,
      -0.46,
      0.29,
      -0.52,
      0.59,
      0.54,
      0.3,
      0.27,
      0.56
    ],
    [
      -0.74,
      -0.75,
      0.7,
      1.0,
      -0.54,
      0.53,
      -0.63,
      0.07,
      0.03,
      -0.03,
      -0.11,
      0.11
    ],
    [
      0.77,
      0.83,
      -0.46,
      -0.54,
      1.0,
      -0.14,
      0.82,
      0.23,
      0.35,
      0.71,
      0.53,
      -0.25
    ],
    [
      -0.23,
      -0.24,
      0.29,
      0.53,
      -0.14,
      1.0,
      -0.23,
      0.1,
      0.09,
      0.08,
      -0.01,
      -0.63
    ],
    [
      0.78,
      0.81,
      -0.52,
      -0.63,
      0.82,
      -0.23,
      1.0,
      0.18,
      0.26,
      0.47,
      0.69,
      -0.22
    ],
    [
      0.37,
      0.14,
      0.59,
      0.07,
      0.23,
      0.1,
      0.18,
      1.0,
      0.86,
      0.72,
      0.7,
      0.4
    ],
    [
      0.29,
      0.34,
      0.54,
      0.03,
      0.35,
      0.09,
      0.26,
      0.86,
      1.0,
      0.79,
      0.74,
      0.36
    ],
    [
      0.42,
      0.42,
      0.3,
      -0.03,
      0.71,
      0.08,
      0.47,
      0.72,
      0.79,
      1.0,
      0.78,
      0.17
    ],
    [
      0.43,
      0.4,
      0.27,
      -0.11,
      0.53,
      -0.01,
      0.69,
      0.7,
      0.74,
      0.78,
      1.0,
      0.22
    ],
    [
      -0.23,
      -0.29,
      0.56,
      0.11,
      -0.25,
      -0.63,
      -0.22,
      0.4,
      0.36,
      0.17,
      0.22,
      1.0
    ]
  ],
  "lookback": 50,
  "updated": "2026-04-22T21:12:11.016599"
}