{
  "pairs": [
    "EURUSD",
    "GBPUSD",
    "USDJPY",
    "USDCHF",
    "AUDUSD",
    "USDCAD",
    "NZDUSD",
    "EURJPY",
    "GBPJPY",
    "AUDJPY",
    "NZDJPY",
    "CADJPY"
  ],
  "matrix": [
    [
      1.0,
      0.87,
      -0.53,
      -0.74,
      0.79,
      -0.22,
      0.78,
      0.43,
      0.36,
      0.45,
      0.47,
      -0.23
    ],
    [
      0.87,
      1.0,
      -0.57,
      -0.77,
      0.86,
      -0.26,
      0.84,
      0.26,
      0.45,
      0.49,
      0.49,
      -0.22
    ],
    [
      -0.53,
      -0.57,
      1.0,
      0.61,
      -0.45,
      0.21,
      -0.49,
      0.54,
      0.48,
      0.28,
      0.22,
      0.6
    ],
    [
      -0.74,
      -0.77,
      0.61,
      1.0,
      -0.61,
      0.54,
      -0.64,
      -0.09,
      -0.16,
      -0.19,
      -0.24,
      0.03
    ],
    [
      0.79,
      0.86,
      -0.45,
      -0.61,
      1.0,
      -0.1,
      0.84,
      0.3,
      0.43,
      0.73,
      0.59,
      -0.26
    ],
    [
      -0.22,
      -0.26,
      0.21,
      0.54,
      -0.1,
      1.0,
      -0.21,
      0.0,
      -0.05,
      0.05,
      -0.08,
      -0.66
    ],
    [
      0.78,
      0.84,
      -0.49,
      -0.64,
      0.84,
      -0.21,
      1.0,
      0.25,
      0.36,
      0.53,
      0.74,
      -0.21
    ],
    [
      0.43,
      0.26,
      0.54,
      -0.09,
      0.3,
      0.0,
      0.25,
      1.0,
      0.86,
      0.74,
      0.7,
      0.41
    ],
    [
      0.36,
      0.45,
      0.48,
      -0.16,
      0.43,
      -0.05,
      0.36,
      0.86,
      1.0,
      0.83,
      0.77,
      0.41
    ],
    [
      0.45,
      0.49,
      0.28,
      -0.19,
      0.73,
      0.05,
      0.53,
      0.74,
      0.83,
      1.0,
      0.8,
      0.17
    ],
    [
      0.47,
      0.49,
      0.22,
      -0.24,
      0.59,
      -0.08,
      0.74,
      0.7,
      0.77,
      0.8,
      1.0,
      0.23
    ],
    [
      -0.23,
      -0.22,
      0.6,
      0.03,
      -0.26,
      -0.66,
      -0.21,
      0.41,
      0.41,
      0.17,
      0.23,
      1.0
    ]
  ],
  "lookback": 50,
  "updated": "2026-04-25T06:00:32.191652"
}