{
  "pairs": [
    "EURUSD",
    "GBPUSD",
    "USDJPY",
    "USDCHF",
    "AUDUSD",
    "USDCAD",
    "NZDUSD",
    "EURJPY",
    "GBPJPY",
    "AUDJPY",
    "NZDJPY",
    "CADJPY"
  ],
  "matrix": [
    [
      1.0,
      0.86,
      -0.52,
      -0.76,
      0.8,
      -0.19,
      0.78,
      0.42,
      0.33,
      0.46,
      0.47,
      -0.25
    ],
    [
      0.86,
      1.0,
      -0.57,
      -0.79,
      0.88,
      -0.21,
      0.83,
      0.23,
      0.43,
      0.51,
      0.49,
      -0.26
    ],
    [
      -0.52,
      -0.57,
      1.0,
      0.61,
      -0.45,
      0.18,
      -0.5,
      0.56,
      0.5,
      0.28,
      0.22,
      0.61
    ],
    [
      -0.76,
      -0.79,
      0.61,
      1.0,
      -0.6,
      0.51,
      -0.66,
      -0.09,
      -0.15,
      -0.18,
      -0.26,
      0.06
    ],
    [
      0.8,
      0.88,
      -0.45,
      -0.6,
      1.0,
      -0.07,
      0.83,
      0.3,
      0.43,
      0.73,
      0.59,
      -0.28
    ],
    [
      -0.19,
      -0.21,
      0.18,
      0.51,
      -0.07,
      1.0,
      -0.2,
      0.01,
      -0.02,
      0.06,
      -0.08,
      -0.66
    ],
    [
      0.78,
      0.83,
      -0.5,
      -0.66,
      0.83,
      -0.2,
      1.0,
      0.24,
      0.33,
      0.52,
      0.74,
      -0.22
    ],
    [
      0.42,
      0.23,
      0.56,
      -0.09,
      0.3,
      0.01,
      0.24,
      1.0,
      0.86,
      0.75,
      0.7,
      0.41
    ],
    [
      0.33,
      0.43,
      0.5,
      -0.15,
      0.43,
      -0.02,
      0.33,
      0.86,
      1.0,
      0.84,
      0.76,
      0.4
    ],
    [
      0.46,
      0.51,
      0.28,
      -0.18,
      0.73,
      0.06,
      0.52,
      0.75,
      0.84,
      1.0,
      0.8,
      0.16
    ],
    [
      0.47,
      0.49,
      0.22,
      -0.26,
      0.59,
      -0.08,
      0.74,
      0.7,
      0.76,
      0.8,
      1.0,
      0.23
    ],
    [
      -0.25,
      -0.26,
      0.61,
      0.06,
      -0.28,
      -0.66,
      -0.22,
      0.41,
      0.4,
      0.16,
      0.23,
      1.0
    ]
  ],
  "lookback": 50,
  "updated": "2026-04-24T06:21:53.808839"
}