{
  "pairs": [
    "EURUSD",
    "GBPUSD",
    "USDJPY",
    "USDCHF",
    "AUDUSD",
    "USDCAD",
    "NZDUSD",
    "EURJPY",
    "GBPJPY",
    "AUDJPY",
    "NZDJPY",
    "CADJPY"
  ],
  "matrix": [
    [
      1.0,
      0.87,
      -0.5,
      -0.71,
      0.77,
      -0.71,
      0.75,
      -0.2,
      -0.17,
      -0.11,
      -0.07,
      -0.25
    ],
    [
      0.87,
      1.0,
      -0.46,
      -0.7,
      0.74,
      -0.72,
      0.72,
      -0.2,
      -0.06,
      -0.08,
      -0.03,
      -0.2
    ],
    [
      -0.5,
      -0.46,
      1.0,
      0.81,
      -0.44,
      0.2,
      -0.53,
      0.95,
      0.92,
      0.86,
      0.81,
      0.94
    ],
    [
      -0.71,
      -0.7,
      0.81,
      1.0,
      -0.64,
      0.45,
      -0.73,
      0.66,
      0.59,
      0.54,
      0.44,
      0.66
    ],
    [
      0.77,
      0.74,
      -0.44,
      -0.64,
      1.0,
      -0.6,
      0.94,
      -0.22,
      -0.16,
      0.08,
      0.13,
      -0.23
    ],
    [
      -0.71,
      -0.72,
      0.2,
      0.45,
      -0.6,
      1.0,
      -0.62,
      -0.03,
      -0.1,
      -0.12,
      -0.2,
      -0.16
    ],
    [
      0.75,
      0.72,
      -0.53,
      -0.73,
      0.94,
      -0.62,
      1.0,
      -0.33,
      -0.27,
      -0.05,
      0.07,
      -0.31
    ],
    [
      -0.2,
      -0.2,
      0.95,
      0.66,
      -0.22,
      -0.03,
      -0.33,
      1.0,
      0.97,
      0.93,
      0.89,
      0.97
    ],
    [
      -0.17,
      -0.06,
      0.92,
      0.59,
      -0.16,
      -0.1,
      -0.27,
      0.97,
      1.0,
      0.93,
      0.89,
      0.96
    ],
    [
      -0.11,
      -0.08,
      0.86,
      0.54,
      0.08,
      -0.12,
      -0.05,
      0.93,
      0.93,
      1.0,
      0.97,
      0.91
    ],
    [
      -0.07,
      -0.03,
      0.81,
      0.44,
      0.13,
      -0.2,
      0.07,
      0.89,
      0.89,
      0.97,
      1.0,
      0.89
    ],
    [
      -0.25,
      -0.2,
      0.94,
      0.66,
      -0.23,
      -0.16,
      -0.31,
      0.97,
      0.96,
      0.91,
      0.89,
      1.0
    ]
  ],
  "lookback": 50,
  "updated": "2026-05-03T12:41:53.566631"
}