{
  "pairs": [
    "EURUSD",
    "GBPUSD",
    "USDJPY",
    "USDCHF",
    "AUDUSD",
    "USDCAD",
    "NZDUSD",
    "EURJPY",
    "GBPJPY",
    "AUDJPY",
    "NZDJPY",
    "CADJPY"
  ],
  "matrix": [
    [
      1.0,
      0.75,
      -0.54,
      -0.75,
      0.77,
      -0.41,
      0.75,
      0.38,
      0.16,
      0.46,
      0.43,
      -0.1
    ],
    [
      0.75,
      1.0,
      -0.36,
      -0.72,
      0.78,
      -0.35,
      0.73,
      0.33,
      0.53,
      0.61,
      0.53,
      -0.01
    ],
    [
      -0.54,
      -0.36,
      1.0,
      0.37,
      -0.47,
      0.22,
      -0.39,
      0.57,
      0.6,
      0.21,
      0.26,
      0.62
    ],
    [
      -0.75,
      -0.72,
      0.37,
      1.0,
      -0.56,
      0.61,
      -0.57,
      -0.33,
      -0.29,
      -0.35,
      -0.36,
      -0.2
    ],
    [
      0.77,
      0.78,
      -0.47,
      -0.56,
      1.0,
      -0.17,
      0.82,
      0.23,
      0.25,
      0.77,
      0.55,
      -0.24
    ],
    [
      -0.41,
      -0.35,
      0.22,
      0.61,
      -0.17,
      1.0,
      -0.35,
      -0.15,
      -0.09,
      -0.03,
      -0.22,
      -0.63
    ],
    [
      0.75,
      0.73,
      -0.39,
      -0.57,
      0.82,
      -0.35,
      1.0,
      0.3,
      0.27,
      0.62,
      0.79,
      -0.03
    ],
    [
      0.38,
      0.33,
      0.57,
      -0.33,
      0.23,
      -0.15,
      0.3,
      1.0,
      0.81,
      0.67,
      0.69,
      0.58
    ],
    [
      0.16,
      0.53,
      0.6,
      -0.29,
      0.25,
      -0.09,
      0.27,
      0.81,
      1.0,
      0.71,
      0.69,
      0.55
    ],
    [
      0.46,
      0.61,
      0.21,
      -0.35,
      0.77,
      -0.03,
      0.62,
      0.67,
      0.71,
      1.0,
      0.79,
      0.18
    ],
    [
      0.43,
      0.53,
      0.26,
      -0.36,
      0.55,
      -0.22,
      0.79,
      0.69,
      0.69,
      0.79,
      1.0,
      0.38
    ],
    [
      -0.1,
      -0.01,
      0.62,
      -0.2,
      -0.24,
      -0.63,
      -0.03,
      0.58,
      0.55,
      0.18,
      0.38,
      1.0
    ]
  ],
  "lookback": 50,
  "updated": "2026-04-27T10:28:03.782784"
}