{
  "pairs": [
    "EURUSD",
    "GBPUSD",
    "USDJPY",
    "USDCHF",
    "AUDUSD",
    "USDCAD",
    "NZDUSD",
    "EURJPY",
    "GBPJPY",
    "AUDJPY",
    "NZDJPY",
    "CADJPY"
  ],
  "matrix": [
    [
      1.0,
      0.87,
      -0.51,
      -0.71,
      0.77,
      -0.72,
      0.74,
      -0.21,
      -0.18,
      -0.12,
      -0.08,
      -0.26
    ],
    [
      0.87,
      1.0,
      -0.46,
      -0.71,
      0.74,
      -0.72,
      0.71,
      -0.21,
      -0.07,
      -0.09,
      -0.05,
      -0.21
    ],
    [
      -0.51,
      -0.46,
      1.0,
      0.82,
      -0.44,
      0.2,
      -0.53,
      0.95,
      0.91,
      0.86,
      0.81,
      0.94
    ],
    [
      -0.71,
      -0.71,
      0.82,
      1.0,
      -0.63,
      0.45,
      -0.73,
      0.66,
      0.6,
      0.54,
      0.45,
      0.66
    ],
    [
      0.77,
      0.74,
      -0.44,
      -0.63,
      1.0,
      -0.59,
      0.94,
      -0.22,
      -0.16,
      0.08,
      0.13,
      -0.23
    ],
    [
      -0.72,
      -0.72,
      0.2,
      0.45,
      -0.59,
      1.0,
      -0.62,
      -0.03,
      -0.1,
      -0.12,
      -0.2,
      -0.15
    ],
    [
      0.74,
      0.71,
      -0.53,
      -0.73,
      0.94,
      -0.62,
      1.0,
      -0.33,
      -0.27,
      -0.05,
      0.07,
      -0.31
    ],
    [
      -0.21,
      -0.21,
      0.95,
      0.66,
      -0.22,
      -0.03,
      -0.33,
      1.0,
      0.97,
      0.93,
      0.89,
      0.97
    ],
    [
      -0.18,
      -0.07,
      0.91,
      0.6,
      -0.16,
      -0.1,
      -0.27,
      0.97,
      1.0,
      0.93,
      0.89,
      0.96
    ],
    [
      -0.12,
      -0.09,
      0.86,
      0.54,
      0.08,
      -0.12,
      -0.05,
      0.93,
      0.93,
      1.0,
      0.97,
      0.91
    ],
    [
      -0.08,
      -0.05,
      0.81,
      0.45,
      0.13,
      -0.2,
      0.07,
      0.89,
      0.89,
      0.97,
      1.0,
      0.89
    ],
    [
      -0.26,
      -0.21,
      0.94,
      0.66,
      -0.23,
      -0.15,
      -0.31,
      0.97,
      0.96,
      0.91,
      0.89,
      1.0
    ]
  ],
  "lookback": 50,
  "updated": "2026-05-03T18:22:38.413088"
}