{
  "pairs": [
    "EURUSD",
    "GBPUSD",
    "USDJPY",
    "USDCHF",
    "AUDUSD",
    "USDCAD",
    "NZDUSD",
    "EURJPY",
    "GBPJPY",
    "AUDJPY",
    "NZDJPY",
    "CADJPY"
  ],
  "matrix": [
    [
      1.0,
      0.95,
      -0.82,
      -0.86,
      0.84,
      -0.68,
      0.81,
      0.38,
      0.56,
      0.61,
      0.58,
      -0.43
    ],
    [
      0.95,
      1.0,
      -0.86,
      -0.87,
      0.84,
      -0.72,
      0.84,
      0.23,
      0.61,
      0.59,
      0.61,
      -0.43
    ],
    [
      -0.82,
      -0.86,
      1.0,
      0.81,
      -0.8,
      0.69,
      -0.81,
      0.21,
      -0.12,
      -0.41,
      -0.45,
      0.66
    ],
    [
      -0.86,
      -0.87,
      0.81,
      1.0,
      -0.75,
      0.69,
      -0.77,
      -0.17,
      -0.44,
      -0.49,
      -0.54,
      0.39
    ],
    [
      0.84,
      0.84,
      -0.8,
      -0.75,
      1.0,
      -0.82,
      0.9,
      0.14,
      0.39,
      0.87,
      0.74,
      -0.25
    ],
    [
      -0.68,
      -0.72,
      0.69,
      0.69,
      -0.82,
      1.0,
      -0.79,
      -0.04,
      -0.33,
      -0.69,
      -0.66,
      -0.09
    ],
    [
      0.81,
      0.84,
      -0.81,
      -0.77,
      0.9,
      -0.79,
      1.0,
      0.07,
      0.37,
      0.71,
      0.89,
      -0.3
    ],
    [
      0.38,
      0.23,
      0.21,
      -0.17,
      0.14,
      -0.04,
      0.07,
      1.0,
      0.77,
      0.38,
      0.26,
      0.32
    ],
    [
      0.56,
      0.61,
      -0.12,
      -0.44,
      0.39,
      -0.33,
      0.37,
      0.77,
      1.0,
      0.5,
      0.47,
      0.18
    ],
    [
      0.61,
      0.59,
      -0.41,
      -0.49,
      0.87,
      -0.69,
      0.71,
      0.38,
      0.5,
      1.0,
      0.76,
      0.15
    ],
    [
      0.58,
      0.61,
      -0.45,
      -0.54,
      0.74,
      -0.66,
      0.89,
      0.26,
      0.47,
      0.76,
      1.0,
      0.06
    ],
    [
      -0.43,
      -0.43,
      0.66,
      0.39,
      -0.25,
      -0.09,
      -0.3,
      0.32,
      0.18,
      0.15,
      0.06,
      1.0
    ]
  ],
  "lookback": 50,
  "updated": "2026-04-15T21:09:58.243125"
}