{
  "pairs": [
    "EURUSD",
    "GBPUSD",
    "USDJPY",
    "USDCHF",
    "AUDUSD",
    "USDCAD",
    "NZDUSD",
    "EURJPY",
    "GBPJPY",
    "AUDJPY",
    "NZDJPY",
    "CADJPY"
  ],
  "matrix": [
    [
      1.0,
      0.85,
      -0.6,
      -0.85,
      0.8,
      -0.62,
      0.84,
      -0.28,
      -0.31,
      -0.15,
      -0.04,
      -0.42
    ],
    [
      0.85,
      1.0,
      -0.52,
      -0.82,
      0.8,
      -0.61,
      0.84,
      -0.24,
      -0.13,
      -0.06,
      0.06,
      -0.34
    ],
    [
      -0.6,
      -0.52,
      1.0,
      0.67,
      -0.52,
      0.29,
      -0.55,
      0.93,
      0.92,
      0.81,
      0.74,
      0.95
    ],
    [
      -0.85,
      -0.82,
      0.67,
      1.0,
      -0.71,
      0.6,
      -0.74,
      0.42,
      0.39,
      0.29,
      0.19,
      0.49
    ],
    [
      0.8,
      0.8,
      -0.52,
      -0.71,
      1.0,
      -0.56,
      0.92,
      -0.26,
      -0.23,
      0.08,
      0.13,
      -0.35
    ],
    [
      -0.62,
      -0.61,
      0.29,
      0.6,
      -0.56,
      1.0,
      -0.68,
      0.07,
      0.05,
      -0.05,
      -0.21,
      -0.04
    ],
    [
      0.84,
      0.84,
      -0.55,
      -0.74,
      0.92,
      -0.68,
      1.0,
      -0.29,
      -0.25,
      -0.01,
      0.15,
      -0.35
    ],
    [
      -0.28,
      -0.24,
      0.93,
      0.42,
      -0.26,
      0.07,
      -0.29,
      1.0,
      0.97,
      0.91,
      0.87,
      0.95
    ],
    [
      -0.31,
      -0.13,
      0.92,
      0.39,
      -0.23,
      0.05,
      -0.25,
      0.97,
      1.0,
      0.91,
      0.89,
      0.94
    ],
    [
      -0.15,
      -0.06,
      0.81,
      0.29,
      0.08,
      -0.05,
      -0.01,
      0.91,
      0.91,
      1.0,
      0.95,
      0.86
    ],
    [
      -0.04,
      0.06,
      0.74,
      0.19,
      0.13,
      -0.21,
      0.15,
      0.87,
      0.89,
      0.95,
      1.0,
      0.84
    ],
    [
      -0.42,
      -0.34,
      0.95,
      0.49,
      -0.35,
      -0.04,
      -0.35,
      0.95,
      0.94,
      0.86,
      0.84,
      1.0
    ]
  ],
  "lookback": 50,
  "updated": "2026-04-30T11:18:50.061093"
}