{
  "pairs": [
    "EURUSD",
    "GBPUSD",
    "USDJPY",
    "USDCHF",
    "AUDUSD",
    "USDCAD",
    "NZDUSD",
    "EURJPY",
    "GBPJPY",
    "AUDJPY",
    "NZDJPY",
    "CADJPY"
  ],
  "matrix": [
    [
      1.0,
      0.78,
      -0.5,
      -0.8,
      0.77,
      -0.59,
      0.71,
      0.33,
      0.16,
      0.36,
      0.38,
      -0.04
    ],
    [
      0.78,
      1.0,
      -0.29,
      -0.78,
      0.77,
      -0.59,
      0.69,
      0.36,
      0.51,
      0.52,
      0.49,
      0.14
    ],
    [
      -0.5,
      -0.29,
      1.0,
      0.3,
      -0.37,
      0.22,
      -0.27,
      0.66,
      0.67,
      0.42,
      0.36,
      0.74
    ],
    [
      -0.8,
      -0.78,
      0.3,
      1.0,
      -0.68,
      0.59,
      -0.61,
      -0.37,
      -0.34,
      -0.43,
      -0.4,
      -0.13
    ],
    [
      0.77,
      0.77,
      -0.37,
      -0.68,
      1.0,
      -0.58,
      0.83,
      0.26,
      0.26,
      0.68,
      0.57,
      0.06
    ],
    [
      -0.59,
      -0.59,
      0.22,
      0.59,
      -0.58,
      1.0,
      -0.67,
      -0.28,
      -0.26,
      -0.4,
      -0.51,
      -0.49
    ],
    [
      0.71,
      0.69,
      -0.27,
      -0.61,
      0.83,
      -0.67,
      1.0,
      0.32,
      0.29,
      0.6,
      0.8,
      0.21
    ],
    [
      0.33,
      0.36,
      0.66,
      -0.37,
      0.26,
      -0.28,
      0.32,
      1.0,
      0.87,
      0.77,
      0.72,
      0.77
    ],
    [
      0.16,
      0.51,
      0.67,
      -0.34,
      0.26,
      -0.26,
      0.29,
      0.87,
      1.0,
      0.78,
      0.7,
      0.78
    ],
    [
      0.36,
      0.52,
      0.42,
      -0.43,
      0.68,
      -0.4,
      0.6,
      0.77,
      0.78,
      1.0,
      0.84,
      0.65
    ],
    [
      0.38,
      0.49,
      0.36,
      -0.4,
      0.57,
      -0.51,
      0.8,
      0.72,
      0.7,
      0.84,
      1.0,
      0.67
    ],
    [
      -0.04,
      0.14,
      0.74,
      -0.13,
      0.06,
      -0.49,
      0.21,
      0.77,
      0.78,
      0.65,
      0.67,
      1.0
    ]
  ],
  "lookback": 50,
  "updated": "2026-04-29T04:05:55.501387"
}