{
  "pairs": [
    "EURUSD",
    "GBPUSD",
    "USDJPY",
    "USDCHF",
    "AUDUSD",
    "USDCAD",
    "NZDUSD",
    "EURJPY",
    "GBPJPY",
    "AUDJPY",
    "NZDJPY",
    "CADJPY"
  ],
  "matrix": [
    [
      1.0,
      0.66,
      -0.41,
      -0.88,
      0.74,
      -0.55,
      0.78,
      0.16,
      0.14,
      0.25,
      0.38,
      -0.19
    ],
    [
      0.66,
      1.0,
      -0.24,
      -0.78,
      0.78,
      -0.55,
      0.83,
      0.2,
      0.54,
      0.44,
      0.59,
      0.01
    ],
    [
      -0.41,
      -0.24,
      1.0,
      0.53,
      -0.42,
      0.34,
      -0.49,
      0.83,
      0.69,
      0.62,
      0.5,
      0.9
    ],
    [
      -0.88,
      -0.78,
      0.53,
      1.0,
      -0.8,
      0.58,
      -0.88,
      0.01,
      -0.12,
      -0.18,
      -0.35,
      0.29
    ],
    [
      0.74,
      0.78,
      -0.42,
      -0.8,
      1.0,
      -0.66,
      0.88,
      0.03,
      0.22,
      0.46,
      0.46,
      -0.14
    ],
    [
      -0.55,
      -0.55,
      0.34,
      0.58,
      -0.66,
      1.0,
      -0.59,
      0.03,
      -0.11,
      -0.23,
      -0.25,
      -0.09
    ],
    [
      0.78,
      0.83,
      -0.49,
      -0.88,
      0.88,
      -0.59,
      1.0,
      -0.01,
      0.2,
      0.28,
      0.51,
      -0.24
    ],
    [
      0.16,
      0.2,
      0.83,
      0.01,
      0.03,
      0.03,
      -0.01,
      1.0,
      0.87,
      0.83,
      0.8,
      0.87
    ],
    [
      0.14,
      0.54,
      0.69,
      -0.12,
      0.22,
      -0.11,
      0.2,
      0.87,
      1.0,
      0.87,
      0.88,
      0.79
    ],
    [
      0.25,
      0.44,
      0.62,
      -0.18,
      0.46,
      -0.23,
      0.28,
      0.83,
      0.87,
      1.0,
      0.89,
      0.76
    ],
    [
      0.38,
      0.59,
      0.5,
      -0.35,
      0.46,
      -0.25,
      0.51,
      0.8,
      0.88,
      0.89,
      1.0,
      0.65
    ],
    [
      -0.19,
      0.01,
      0.9,
      0.29,
      -0.14,
      -0.09,
      -0.24,
      0.87,
      0.79,
      0.76,
      0.65,
      1.0
    ]
  ],
  "lookback": 50,
  "updated": "2026-05-13T15:17:39.508161"
}