{
  "pairs": [
    "EURUSD",
    "GBPUSD",
    "USDJPY",
    "USDCHF",
    "AUDUSD",
    "USDCAD",
    "NZDUSD",
    "EURJPY",
    "GBPJPY",
    "AUDJPY",
    "NZDJPY",
    "CADJPY"
  ],
  "matrix": [
    [
      1.0,
      0.87,
      -0.5,
      -0.72,
      0.77,
      -0.71,
      0.75,
      -0.2,
      -0.17,
      -0.1,
      -0.06,
      -0.25
    ],
    [
      0.87,
      1.0,
      -0.45,
      -0.71,
      0.75,
      -0.73,
      0.73,
      -0.2,
      -0.05,
      -0.06,
      -0.02,
      -0.19
    ],
    [
      -0.5,
      -0.45,
      1.0,
      0.81,
      -0.45,
      0.2,
      -0.53,
      0.95,
      0.91,
      0.85,
      0.8,
      0.94
    ],
    [
      -0.72,
      -0.71,
      0.81,
      1.0,
      -0.65,
      0.45,
      -0.74,
      0.65,
      0.58,
      0.52,
      0.43,
      0.65
    ],
    [
      0.77,
      0.75,
      -0.45,
      -0.65,
      1.0,
      -0.6,
      0.94,
      -0.22,
      -0.16,
      0.09,
      0.13,
      -0.24
    ],
    [
      -0.71,
      -0.73,
      0.2,
      0.45,
      -0.6,
      1.0,
      -0.63,
      -0.03,
      -0.11,
      -0.13,
      -0.21,
      -0.16
    ],
    [
      0.75,
      0.73,
      -0.53,
      -0.74,
      0.94,
      -0.63,
      1.0,
      -0.33,
      -0.27,
      -0.04,
      0.08,
      -0.31
    ],
    [
      -0.2,
      -0.2,
      0.95,
      0.65,
      -0.22,
      -0.03,
      -0.33,
      1.0,
      0.97,
      0.93,
      0.89,
      0.97
    ],
    [
      -0.17,
      -0.05,
      0.91,
      0.58,
      -0.16,
      -0.11,
      -0.27,
      0.97,
      1.0,
      0.92,
      0.89,
      0.96
    ],
    [
      -0.1,
      -0.06,
      0.85,
      0.52,
      0.09,
      -0.13,
      -0.04,
      0.93,
      0.92,
      1.0,
      0.97,
      0.9
    ],
    [
      -0.06,
      -0.02,
      0.8,
      0.43,
      0.13,
      -0.21,
      0.08,
      0.89,
      0.89,
      0.97,
      1.0,
      0.88
    ],
    [
      -0.25,
      -0.19,
      0.94,
      0.65,
      -0.24,
      -0.16,
      -0.31,
      0.97,
      0.96,
      0.9,
      0.88,
      1.0
    ]
  ],
  "lookback": 50,
  "updated": "2026-05-02T17:09:28.341039"
}