{
  "pairs": [
    "EURUSD",
    "GBPUSD",
    "USDJPY",
    "USDCHF",
    "AUDUSD",
    "USDCAD",
    "NZDUSD",
    "EURJPY",
    "GBPJPY",
    "AUDJPY",
    "NZDJPY",
    "CADJPY"
  ],
  "matrix": [
    [
      1.0,
      0.89,
      -0.56,
      -0.73,
      0.83,
      -0.3,
      0.82,
      0.33,
      0.38,
      0.5,
      0.48,
      -0.21
    ],
    [
      0.89,
      1.0,
      -0.67,
      -0.75,
      0.86,
      -0.32,
      0.82,
      0.11,
      0.39,
      0.45,
      0.39,
      -0.28
    ],
    [
      -0.56,
      -0.67,
      1.0,
      0.71,
      -0.53,
      0.35,
      -0.57,
      0.59,
      0.43,
      0.2,
      0.2,
      0.53
    ],
    [
      -0.73,
      -0.75,
      0.71,
      1.0,
      -0.57,
      0.56,
      -0.65,
      0.09,
      -0.03,
      -0.08,
      -0.15,
      0.1
    ],
    [
      0.83,
      0.86,
      -0.53,
      -0.57,
      1.0,
      -0.22,
      0.84,
      0.2,
      0.39,
      0.72,
      0.53,
      -0.25
    ],
    [
      -0.3,
      -0.32,
      0.35,
      0.56,
      -0.22,
      1.0,
      -0.28,
      0.12,
      0.05,
      0.03,
      -0.02,
      -0.6
    ],
    [
      0.82,
      0.82,
      -0.57,
      -0.65,
      0.84,
      -0.28,
      1.0,
      0.15,
      0.29,
      0.51,
      0.69,
      -0.23
    ],
    [
      0.33,
      0.11,
      0.59,
      0.09,
      0.2,
      0.12,
      0.15,
      1.0,
      0.86,
      0.71,
      0.7,
      0.4
    ],
    [
      0.38,
      0.39,
      0.43,
      -0.03,
      0.39,
      0.05,
      0.29,
      0.86,
      1.0,
      0.8,
      0.73,
      0.32
    ],
    [
      0.5,
      0.45,
      0.2,
      -0.08,
      0.72,
      0.03,
      0.51,
      0.71,
      0.8,
      1.0,
      0.78,
      0.14
    ],
    [
      0.48,
      0.39,
      0.2,
      -0.15,
      0.53,
      -0.02,
      0.69,
      0.7,
      0.73,
      0.78,
      1.0,
      0.19
    ],
    [
      -0.21,
      -0.28,
      0.53,
      0.1,
      -0.25,
      -0.6,
      -0.23,
      0.4,
      0.32,
      0.14,
      0.19,
      1.0
    ]
  ],
  "lookback": 50,
  "updated": "2026-04-22T14:12:53.367555"
}