{
  "pairs": [
    "EURUSD",
    "GBPUSD",
    "USDJPY",
    "USDCHF",
    "AUDUSD",
    "USDCAD",
    "NZDUSD",
    "EURJPY",
    "GBPJPY",
    "AUDJPY",
    "NZDJPY",
    "CADJPY"
  ],
  "matrix": [
    [
      1.0,
      0.91,
      -0.68,
      -0.76,
      0.77,
      -0.66,
      0.81,
      0.46,
      0.47,
      0.56,
      0.59,
      -0.08
    ],
    [
      0.91,
      1.0,
      -0.71,
      -0.78,
      0.8,
      -0.74,
      0.79,
      0.3,
      0.56,
      0.58,
      0.54,
      -0.03
    ],
    [
      -0.68,
      -0.71,
      1.0,
      0.64,
      -0.68,
      0.66,
      -0.68,
      0.34,
      0.18,
      -0.22,
      -0.18,
      0.48
    ],
    [
      -0.76,
      -0.78,
      0.64,
      1.0,
      -0.63,
      0.7,
      -0.71,
      -0.2,
      -0.33,
      -0.41,
      -0.48,
      -0.01
    ],
    [
      0.77,
      0.8,
      -0.68,
      -0.63,
      1.0,
      -0.75,
      0.9,
      0.16,
      0.32,
      0.87,
      0.71,
      0.03
    ],
    [
      -0.66,
      -0.74,
      0.66,
      0.7,
      -0.75,
      1.0,
      -0.75,
      -0.05,
      -0.25,
      -0.55,
      -0.52,
      -0.34
    ],
    [
      0.81,
      0.79,
      -0.68,
      -0.71,
      0.9,
      -0.75,
      1.0,
      0.22,
      0.3,
      0.74,
      0.84,
      0.02
    ],
    [
      0.46,
      0.3,
      0.34,
      -0.2,
      0.16,
      -0.05,
      0.22,
      1.0,
      0.82,
      0.45,
      0.54,
      0.48
    ],
    [
      0.47,
      0.56,
      0.18,
      -0.33,
      0.32,
      -0.25,
      0.3,
      0.82,
      1.0,
      0.55,
      0.54,
      0.52
    ],
    [
      0.56,
      0.58,
      -0.22,
      -0.41,
      0.87,
      -0.55,
      0.74,
      0.45,
      0.55,
      1.0,
      0.83,
      0.36
    ],
    [
      0.59,
      0.54,
      -0.18,
      -0.48,
      0.71,
      -0.52,
      0.84,
      0.54,
      0.54,
      0.83,
      1.0,
      0.38
    ],
    [
      -0.08,
      -0.03,
      0.48,
      -0.01,
      0.03,
      -0.34,
      0.02,
      0.48,
      0.52,
      0.36,
      0.38,
      1.0
    ]
  ],
  "lookback": 50,
  "updated": "2026-04-17T03:47:45.095034"
}