{
  "pairs": [
    "EURUSD",
    "GBPUSD",
    "USDJPY",
    "USDCHF",
    "AUDUSD",
    "USDCAD",
    "NZDUSD",
    "EURJPY",
    "GBPJPY",
    "AUDJPY",
    "NZDJPY",
    "CADJPY"
  ],
  "matrix": [
    [
      1.0,
      0.86,
      -0.53,
      -0.77,
      0.8,
      -0.2,
      0.78,
      0.4,
      0.32,
      0.46,
      0.46,
      -0.25
    ],
    [
      0.86,
      1.0,
      -0.58,
      -0.79,
      0.88,
      -0.23,
      0.83,
      0.22,
      0.41,
      0.5,
      0.47,
      -0.26
    ],
    [
      -0.53,
      -0.58,
      1.0,
      0.63,
      -0.45,
      0.2,
      -0.49,
      0.56,
      0.51,
      0.28,
      0.23,
      0.61
    ],
    [
      -0.77,
      -0.79,
      0.63,
      1.0,
      -0.6,
      0.51,
      -0.65,
      -0.07,
      -0.14,
      -0.17,
      -0.24,
      0.07
    ],
    [
      0.8,
      0.88,
      -0.45,
      -0.6,
      1.0,
      -0.09,
      0.83,
      0.29,
      0.42,
      0.73,
      0.58,
      -0.28
    ],
    [
      -0.2,
      -0.23,
      0.2,
      0.51,
      -0.09,
      1.0,
      -0.2,
      0.02,
      -0.01,
      0.06,
      -0.07,
      -0.65
    ],
    [
      0.78,
      0.83,
      -0.49,
      -0.65,
      0.83,
      -0.2,
      1.0,
      0.24,
      0.33,
      0.52,
      0.74,
      -0.21
    ],
    [
      0.4,
      0.22,
      0.56,
      -0.07,
      0.29,
      0.02,
      0.24,
      1.0,
      0.86,
      0.75,
      0.7,
      0.42
    ],
    [
      0.32,
      0.41,
      0.51,
      -0.14,
      0.42,
      -0.01,
      0.33,
      0.86,
      1.0,
      0.84,
      0.76,
      0.4
    ],
    [
      0.46,
      0.5,
      0.28,
      -0.17,
      0.73,
      0.06,
      0.52,
      0.75,
      0.84,
      1.0,
      0.8,
      0.17
    ],
    [
      0.46,
      0.47,
      0.23,
      -0.24,
      0.58,
      -0.07,
      0.74,
      0.7,
      0.76,
      0.8,
      1.0,
      0.23
    ],
    [
      -0.25,
      -0.26,
      0.61,
      0.07,
      -0.28,
      -0.65,
      -0.21,
      0.42,
      0.4,
      0.17,
      0.23,
      1.0
    ]
  ],
  "lookback": 50,
  "updated": "2026-04-24T03:54:06.205760"
}