{
  "pairs": [
    "EURUSD",
    "GBPUSD",
    "USDJPY",
    "USDCHF",
    "AUDUSD",
    "USDCAD",
    "NZDUSD",
    "EURJPY",
    "GBPJPY",
    "AUDJPY",
    "NZDJPY",
    "CADJPY"
  ],
  "matrix": [
    [
      1.0,
      0.91,
      -0.61,
      -0.72,
      0.83,
      -0.32,
      0.86,
      0.39,
      0.42,
      0.53,
      0.58,
      -0.25
    ],
    [
      0.91,
      1.0,
      -0.69,
      -0.77,
      0.88,
      -0.4,
      0.86,
      0.19,
      0.44,
      0.52,
      0.51,
      -0.26
    ],
    [
      -0.61,
      -0.69,
      1.0,
      0.67,
      -0.57,
      0.38,
      -0.65,
      0.49,
      0.35,
      0.1,
      0.05,
      0.54
    ],
    [
      -0.72,
      -0.77,
      0.67,
      1.0,
      -0.64,
      0.56,
      -0.71,
      -0.02,
      -0.17,
      -0.26,
      -0.33,
      0.08
    ],
    [
      0.83,
      0.88,
      -0.57,
      -0.64,
      1.0,
      -0.41,
      0.92,
      0.24,
      0.42,
      0.76,
      0.7,
      -0.14
    ],
    [
      -0.32,
      -0.4,
      0.38,
      0.56,
      -0.41,
      1.0,
      -0.42,
      0.08,
      -0.05,
      -0.2,
      -0.21,
      -0.57
    ],
    [
      0.86,
      0.86,
      -0.65,
      -0.71,
      0.92,
      -0.42,
      1.0,
      0.18,
      0.31,
      0.61,
      0.73,
      -0.2
    ],
    [
      0.39,
      0.19,
      0.49,
      -0.02,
      0.24,
      0.08,
      0.18,
      1.0,
      0.86,
      0.68,
      0.68,
      0.36
    ],
    [
      0.42,
      0.44,
      0.35,
      -0.17,
      0.42,
      -0.05,
      0.31,
      0.86,
      1.0,
      0.79,
      0.72,
      0.35
    ],
    [
      0.53,
      0.52,
      0.1,
      -0.26,
      0.76,
      -0.2,
      0.61,
      0.68,
      0.79,
      1.0,
      0.89,
      0.25
    ],
    [
      0.58,
      0.51,
      0.05,
      -0.33,
      0.7,
      -0.21,
      0.73,
      0.68,
      0.72,
      0.89,
      1.0,
      0.21
    ],
    [
      -0.25,
      -0.26,
      0.54,
      0.08,
      -0.14,
      -0.57,
      -0.2,
      0.36,
      0.35,
      0.25,
      0.21,
      1.0
    ]
  ],
  "lookback": 50,
  "updated": "2026-04-19T20:57:22.960694"
}