{
  "pairs": [
    "EURUSD",
    "GBPUSD",
    "USDJPY",
    "USDCHF",
    "AUDUSD",
    "USDCAD",
    "NZDUSD",
    "EURJPY",
    "GBPJPY",
    "AUDJPY",
    "NZDJPY",
    "CADJPY"
  ],
  "matrix": [
    [
      1.0,
      0.75,
      -0.42,
      -0.87,
      0.85,
      -0.5,
      0.8,
      0.12,
      0.15,
      0.31,
      0.39,
      -0.23
    ],
    [
      0.75,
      1.0,
      -0.26,
      -0.83,
      0.81,
      -0.51,
      0.87,
      0.22,
      0.47,
      0.44,
      0.62,
      -0.04
    ],
    [
      -0.42,
      -0.26,
      1.0,
      0.54,
      -0.42,
      0.31,
      -0.48,
      0.84,
      0.73,
      0.63,
      0.49,
      0.91
    ],
    [
      -0.87,
      -0.83,
      0.54,
      1.0,
      -0.85,
      0.49,
      -0.85,
      0.06,
      -0.09,
      -0.19,
      -0.33,
      0.35
    ],
    [
      0.85,
      0.81,
      -0.42,
      -0.85,
      1.0,
      -0.54,
      0.88,
      0.07,
      0.2,
      0.45,
      0.48,
      -0.2
    ],
    [
      -0.5,
      -0.51,
      0.31,
      0.49,
      -0.54,
      1.0,
      -0.56,
      0.05,
      -0.08,
      -0.15,
      -0.25,
      -0.1
    ],
    [
      0.8,
      0.87,
      -0.48,
      -0.85,
      0.88,
      -0.56,
      1.0,
      -0.02,
      0.18,
      0.28,
      0.54,
      -0.25
    ],
    [
      0.12,
      0.22,
      0.84,
      0.06,
      0.07,
      0.05,
      -0.02,
      1.0,
      0.93,
      0.89,
      0.79,
      0.86
    ],
    [
      0.15,
      0.47,
      0.73,
      -0.09,
      0.2,
      -0.08,
      0.18,
      0.93,
      1.0,
      0.89,
      0.88,
      0.81
    ],
    [
      0.31,
      0.44,
      0.63,
      -0.19,
      0.45,
      -0.15,
      0.28,
      0.89,
      0.89,
      1.0,
      0.88,
      0.72
    ],
    [
      0.39,
      0.62,
      0.49,
      -0.33,
      0.48,
      -0.25,
      0.54,
      0.79,
      0.88,
      0.88,
      1.0,
      0.62
    ],
    [
      -0.23,
      -0.04,
      0.91,
      0.35,
      -0.2,
      -0.1,
      -0.25,
      0.86,
      0.81,
      0.72,
      0.62,
      1.0
    ]
  ],
  "lookback": 50,
  "updated": "2026-05-11T18:11:47.683602"
}