{
  "pairs": [
    "EURUSD",
    "GBPUSD",
    "USDJPY",
    "USDCHF",
    "AUDUSD",
    "USDCAD",
    "NZDUSD",
    "EURJPY",
    "GBPJPY",
    "AUDJPY",
    "NZDJPY",
    "CADJPY"
  ],
  "matrix": [
    [
      1.0,
      0.93,
      -0.75,
      -0.79,
      0.78,
      -0.67,
      0.84,
      0.47,
      0.56,
      0.53,
      0.63,
      -0.23
    ],
    [
      0.93,
      1.0,
      -0.78,
      -0.81,
      0.8,
      -0.74,
      0.83,
      0.33,
      0.62,
      0.52,
      0.59,
      -0.2
    ],
    [
      -0.75,
      -0.78,
      1.0,
      0.7,
      -0.71,
      0.69,
      -0.74,
      0.24,
      -0.0,
      -0.24,
      -0.29,
      0.55
    ],
    [
      -0.79,
      -0.81,
      0.7,
      1.0,
      -0.66,
      0.72,
      -0.73,
      -0.22,
      -0.41,
      -0.39,
      -0.5,
      0.12
    ],
    [
      0.78,
      0.8,
      -0.71,
      -0.66,
      1.0,
      -0.8,
      0.91,
      0.2,
      0.39,
      0.85,
      0.75,
      -0.03
    ],
    [
      -0.67,
      -0.74,
      0.69,
      0.72,
      -0.8,
      1.0,
      -0.77,
      -0.06,
      -0.32,
      -0.59,
      -0.57,
      -0.22
    ],
    [
      0.84,
      0.83,
      -0.74,
      -0.73,
      0.91,
      -0.77,
      1.0,
      0.25,
      0.41,
      0.7,
      0.86,
      -0.1
    ],
    [
      0.47,
      0.33,
      0.24,
      -0.22,
      0.2,
      -0.06,
      0.25,
      1.0,
      0.82,
      0.45,
      0.53,
      0.4
    ],
    [
      0.56,
      0.62,
      -0.0,
      -0.41,
      0.39,
      -0.32,
      0.41,
      0.82,
      1.0,
      0.54,
      0.58,
      0.37
    ],
    [
      0.53,
      0.52,
      -0.24,
      -0.39,
      0.85,
      -0.59,
      0.7,
      0.45,
      0.54,
      1.0,
      0.82,
      0.36
    ],
    [
      0.63,
      0.59,
      -0.29,
      -0.5,
      0.75,
      -0.57,
      0.86,
      0.53,
      0.58,
      0.82,
      1.0,
      0.27
    ],
    [
      -0.23,
      -0.2,
      0.55,
      0.12,
      -0.03,
      -0.22,
      -0.1,
      0.4,
      0.37,
      0.36,
      0.27,
      1.0
    ]
  ],
  "lookback": 50,
  "updated": "2026-04-16T14:17:42.886253"
}