{
  "pairs": [
    "EURUSD",
    "GBPUSD",
    "USDJPY",
    "USDCHF",
    "AUDUSD",
    "USDCAD",
    "NZDUSD",
    "EURJPY",
    "GBPJPY",
    "AUDJPY",
    "NZDJPY",
    "CADJPY"
  ],
  "matrix": [
    [
      1.0,
      0.65,
      -0.41,
      -0.88,
      0.74,
      -0.56,
      0.78,
      0.16,
      0.13,
      0.24,
      0.37,
      -0.18
    ],
    [
      0.65,
      1.0,
      -0.24,
      -0.78,
      0.77,
      -0.57,
      0.83,
      0.19,
      0.53,
      0.43,
      0.59,
      0.01
    ],
    [
      -0.41,
      -0.24,
      1.0,
      0.53,
      -0.42,
      0.34,
      -0.49,
      0.83,
      0.7,
      0.62,
      0.5,
      0.9
    ],
    [
      -0.88,
      -0.78,
      0.53,
      1.0,
      -0.81,
      0.59,
      -0.88,
      0.01,
      -0.12,
      -0.18,
      -0.35,
      0.29
    ],
    [
      0.74,
      0.77,
      -0.42,
      -0.81,
      1.0,
      -0.67,
      0.88,
      0.02,
      0.2,
      0.44,
      0.45,
      -0.14
    ],
    [
      -0.56,
      -0.57,
      0.34,
      0.59,
      -0.67,
      1.0,
      -0.6,
      0.03,
      -0.12,
      -0.24,
      -0.25,
      -0.09
    ],
    [
      0.78,
      0.83,
      -0.49,
      -0.88,
      0.88,
      -0.6,
      1.0,
      -0.02,
      0.19,
      0.27,
      0.51,
      -0.24
    ],
    [
      0.16,
      0.19,
      0.83,
      0.01,
      0.02,
      0.03,
      -0.02,
      1.0,
      0.87,
      0.84,
      0.8,
      0.87
    ],
    [
      0.13,
      0.53,
      0.7,
      -0.12,
      0.2,
      -0.12,
      0.19,
      0.87,
      1.0,
      0.86,
      0.87,
      0.8
    ],
    [
      0.24,
      0.43,
      0.62,
      -0.18,
      0.44,
      -0.24,
      0.27,
      0.84,
      0.86,
      1.0,
      0.88,
      0.77
    ],
    [
      0.37,
      0.59,
      0.5,
      -0.35,
      0.45,
      -0.25,
      0.51,
      0.8,
      0.87,
      0.88,
      1.0,
      0.65
    ],
    [
      -0.18,
      0.01,
      0.9,
      0.29,
      -0.14,
      -0.09,
      -0.24,
      0.87,
      0.8,
      0.77,
      0.65,
      1.0
    ]
  ],
  "lookback": 50,
  "updated": "2026-05-13T13:08:13.540962"
}