{
  "pairs": [
    "EURUSD",
    "GBPUSD",
    "USDJPY",
    "USDCHF",
    "AUDUSD",
    "USDCAD",
    "NZDUSD",
    "EURJPY",
    "GBPJPY",
    "AUDJPY",
    "NZDJPY",
    "CADJPY"
  ],
  "matrix": [
    [
      1.0,
      0.65,
      -0.5,
      -0.84,
      0.68,
      -0.5,
      0.77,
      0.62,
      0.5,
      0.56,
      0.66,
      -0.06
    ],
    [
      0.65,
      1.0,
      -0.46,
      -0.67,
      0.59,
      -0.36,
      0.65,
      0.28,
      0.91,
      0.47,
      0.54,
      -0.15
    ],
    [
      -0.5,
      -0.46,
      1.0,
      0.42,
      -0.54,
      0.45,
      -0.49,
      0.37,
      -0.05,
      -0.16,
      -0.12,
      0.63
    ],
    [
      -0.84,
      -0.67,
      0.42,
      1.0,
      -0.61,
      0.52,
      -0.69,
      -0.53,
      -0.57,
      -0.52,
      -0.61,
      -0.04
    ],
    [
      0.68,
      0.59,
      -0.54,
      -0.61,
      1.0,
      -0.6,
      0.87,
      0.24,
      0.41,
      0.92,
      0.75,
      -0.03
    ],
    [
      -0.5,
      -0.36,
      0.45,
      0.52,
      -0.6,
      1.0,
      -0.55,
      -0.13,
      -0.2,
      -0.5,
      -0.43,
      -0.41
    ],
    [
      0.77,
      0.65,
      -0.49,
      -0.69,
      0.87,
      -0.55,
      1.0,
      0.38,
      0.5,
      0.79,
      0.92,
      -0.03
    ],
    [
      0.62,
      0.28,
      0.37,
      -0.53,
      0.24,
      -0.13,
      0.38,
      1.0,
      0.5,
      0.46,
      0.6,
      0.49
    ],
    [
      0.5,
      0.91,
      -0.05,
      -0.57,
      0.41,
      -0.2,
      0.5,
      0.5,
      1.0,
      0.46,
      0.55,
      0.13
    ],
    [
      0.56,
      0.47,
      -0.16,
      -0.52,
      0.92,
      -0.5,
      0.79,
      0.46,
      0.46,
      1.0,
      0.83,
      0.26
    ],
    [
      0.66,
      0.54,
      -0.12,
      -0.61,
      0.75,
      -0.43,
      0.92,
      0.6,
      0.55,
      0.83,
      1.0,
      0.25
    ],
    [
      -0.06,
      -0.15,
      0.63,
      -0.04,
      -0.03,
      -0.41,
      -0.03,
      0.49,
      0.13,
      0.26,
      0.25,
      1.0
    ]
  ],
  "lookback": 50,
  "updated": "2026-05-19T18:17:30.516543"
}