{
  "pairs": [
    "EURUSD",
    "GBPUSD",
    "USDJPY",
    "USDCHF",
    "AUDUSD",
    "USDCAD",
    "NZDUSD",
    "EURJPY",
    "GBPJPY",
    "AUDJPY",
    "NZDJPY",
    "CADJPY"
  ],
  "matrix": [
    [
      1.0,
      0.88,
      -0.49,
      -0.71,
      0.77,
      -0.67,
      0.76,
      -0.17,
      -0.14,
      -0.07,
      -0.02,
      -0.25
    ],
    [
      0.88,
      1.0,
      -0.46,
      -0.7,
      0.75,
      -0.71,
      0.75,
      -0.18,
      -0.04,
      -0.04,
      0.02,
      -0.2
    ],
    [
      -0.49,
      -0.46,
      1.0,
      0.8,
      -0.45,
      0.2,
      -0.53,
      0.94,
      0.91,
      0.83,
      0.78,
      0.93
    ],
    [
      -0.71,
      -0.7,
      0.8,
      1.0,
      -0.67,
      0.45,
      -0.73,
      0.63,
      0.57,
      0.47,
      0.4,
      0.64
    ],
    [
      0.77,
      0.75,
      -0.45,
      -0.67,
      1.0,
      -0.57,
      0.93,
      -0.2,
      -0.15,
      0.12,
      0.16,
      -0.24
    ],
    [
      -0.67,
      -0.71,
      0.2,
      0.45,
      -0.57,
      1.0,
      -0.61,
      -0.04,
      -0.11,
      -0.13,
      -0.22,
      -0.17
    ],
    [
      0.76,
      0.75,
      -0.53,
      -0.73,
      0.93,
      -0.61,
      1.0,
      -0.31,
      -0.24,
      -0.02,
      0.11,
      -0.31
    ],
    [
      -0.17,
      -0.18,
      0.94,
      0.63,
      -0.2,
      -0.04,
      -0.31,
      1.0,
      0.97,
      0.92,
      0.88,
      0.96
    ],
    [
      -0.14,
      -0.04,
      0.91,
      0.57,
      -0.15,
      -0.11,
      -0.24,
      0.97,
      1.0,
      0.92,
      0.89,
      0.95
    ],
    [
      -0.07,
      -0.04,
      0.83,
      0.47,
      0.12,
      -0.13,
      -0.02,
      0.92,
      0.92,
      1.0,
      0.97,
      0.89
    ],
    [
      -0.02,
      0.02,
      0.78,
      0.4,
      0.16,
      -0.22,
      0.11,
      0.88,
      0.89,
      0.97,
      1.0,
      0.87
    ],
    [
      -0.25,
      -0.2,
      0.93,
      0.64,
      -0.24,
      -0.17,
      -0.31,
      0.96,
      0.95,
      0.89,
      0.87,
      1.0
    ]
  ],
  "lookback": 50,
  "updated": "2026-05-01T18:36:00.581188"
}