{
  "pairs": [
    "EURUSD",
    "GBPUSD",
    "USDJPY",
    "USDCHF",
    "AUDUSD",
    "USDCAD",
    "NZDUSD",
    "EURJPY",
    "GBPJPY",
    "AUDJPY",
    "NZDJPY",
    "CADJPY"
  ],
  "matrix": [
    [
      1.0,
      0.95,
      -0.84,
      -0.84,
      0.85,
      -0.69,
      0.81,
      0.44,
      0.63,
      0.63,
      0.59,
      -0.47
    ],
    [
      0.95,
      1.0,
      -0.88,
      -0.86,
      0.85,
      -0.72,
      0.85,
      0.28,
      0.68,
      0.6,
      0.61,
      -0.5
    ],
    [
      -0.84,
      -0.88,
      1.0,
      0.8,
      -0.81,
      0.67,
      -0.82,
      0.12,
      -0.24,
      -0.43,
      -0.47,
      0.71
    ],
    [
      -0.84,
      -0.86,
      0.8,
      1.0,
      -0.75,
      0.72,
      -0.77,
      -0.22,
      -0.5,
      -0.51,
      -0.56,
      0.4
    ],
    [
      0.85,
      0.85,
      -0.81,
      -0.75,
      1.0,
      -0.82,
      0.9,
      0.22,
      0.48,
      0.88,
      0.74,
      -0.31
    ],
    [
      -0.69,
      -0.72,
      0.67,
      0.72,
      -0.82,
      1.0,
      -0.8,
      -0.16,
      -0.43,
      -0.72,
      -0.71,
      -0.05
    ],
    [
      0.81,
      0.85,
      -0.82,
      -0.77,
      0.9,
      -0.8,
      1.0,
      0.14,
      0.46,
      0.71,
      0.89,
      -0.34
    ],
    [
      0.44,
      0.28,
      0.12,
      -0.22,
      0.22,
      -0.16,
      0.14,
      1.0,
      0.74,
      0.44,
      0.3,
      0.31
    ],
    [
      0.63,
      0.68,
      -0.24,
      -0.5,
      0.48,
      -0.43,
      0.46,
      0.74,
      1.0,
      0.55,
      0.51,
      0.07
    ],
    [
      0.63,
      0.6,
      -0.43,
      -0.51,
      0.88,
      -0.72,
      0.71,
      0.44,
      0.55,
      1.0,
      0.76,
      0.11
    ],
    [
      0.59,
      0.61,
      -0.47,
      -0.56,
      0.74,
      -0.71,
      0.89,
      0.3,
      0.51,
      0.76,
      1.0,
      0.03
    ],
    [
      -0.47,
      -0.5,
      0.71,
      0.4,
      -0.31,
      -0.05,
      -0.34,
      0.31,
      0.07,
      0.11,
      0.03,
      1.0
    ]
  ],
  "lookback": 50,
  "updated": "2026-04-15T06:13:44.009841"
}