{
  "pairs": [
    "EURUSD",
    "GBPUSD",
    "USDJPY",
    "USDCHF",
    "AUDUSD",
    "USDCAD",
    "NZDUSD",
    "EURJPY",
    "GBPJPY",
    "AUDJPY",
    "NZDJPY",
    "CADJPY"
  ],
  "matrix": [
    [
      1.0,
      0.96,
      -0.87,
      -0.87,
      0.88,
      -0.74,
      0.83,
      0.44,
      0.63,
      0.69,
      0.61,
      -0.62
    ],
    [
      0.96,
      1.0,
      -0.9,
      -0.87,
      0.86,
      -0.71,
      0.86,
      0.3,
      0.67,
      0.62,
      0.63,
      -0.69
    ],
    [
      -0.87,
      -0.9,
      1.0,
      0.88,
      -0.86,
      0.72,
      -0.85,
      0.06,
      -0.29,
      -0.54,
      -0.54,
      0.82
    ],
    [
      -0.87,
      -0.87,
      0.88,
      1.0,
      -0.75,
      0.68,
      -0.77,
      -0.17,
      -0.44,
      -0.46,
      -0.51,
      0.68
    ],
    [
      0.88,
      0.86,
      -0.86,
      -0.75,
      1.0,
      -0.85,
      0.9,
      0.21,
      0.43,
      0.89,
      0.73,
      -0.52
    ],
    [
      -0.74,
      -0.71,
      0.72,
      0.68,
      -0.85,
      1.0,
      -0.83,
      -0.18,
      -0.33,
      -0.77,
      -0.74,
      0.19
    ],
    [
      0.83,
      0.86,
      -0.85,
      -0.77,
      0.9,
      -0.83,
      1.0,
      0.13,
      0.44,
      0.73,
      0.9,
      -0.52
    ],
    [
      0.44,
      0.3,
      0.06,
      -0.17,
      0.21,
      -0.18,
      0.13,
      1.0,
      0.75,
      0.41,
      0.25,
      0.23
    ],
    [
      0.63,
      0.67,
      -0.29,
      -0.44,
      0.43,
      -0.33,
      0.44,
      0.75,
      1.0,
      0.46,
      0.47,
      -0.13
    ],
    [
      0.69,
      0.62,
      -0.54,
      -0.46,
      0.89,
      -0.77,
      0.73,
      0.41,
      0.46,
      1.0,
      0.72,
      -0.13
    ],
    [
      0.61,
      0.63,
      -0.54,
      -0.51,
      0.73,
      -0.74,
      0.9,
      0.25,
      0.47,
      0.72,
      1.0,
      -0.16
    ],
    [
      -0.62,
      -0.69,
      0.82,
      0.68,
      -0.52,
      0.19,
      -0.52,
      0.23,
      -0.13,
      -0.13,
      -0.16,
      1.0
    ]
  ],
  "lookback": 50,
  "updated": "2026-04-13T06:28:20.431663"
}