{
  "pairs": [
    "EURUSD",
    "GBPUSD",
    "USDJPY",
    "USDCHF",
    "AUDUSD",
    "USDCAD",
    "NZDUSD",
    "EURJPY",
    "GBPJPY",
    "AUDJPY",
    "NZDJPY",
    "CADJPY"
  ],
  "matrix": [
    [
      1.0,
      0.79,
      -0.41,
      -0.85,
      0.85,
      -0.45,
      0.82,
      0.11,
      0.16,
      0.33,
      0.41,
      -0.25
    ],
    [
      0.79,
      1.0,
      -0.32,
      -0.85,
      0.81,
      -0.51,
      0.87,
      0.15,
      0.4,
      0.38,
      0.55,
      -0.12
    ],
    [
      -0.41,
      -0.32,
      1.0,
      0.56,
      -0.42,
      0.32,
      -0.49,
      0.86,
      0.75,
      0.63,
      0.5,
      0.92
    ],
    [
      -0.85,
      -0.85,
      0.56,
      1.0,
      -0.84,
      0.45,
      -0.84,
      0.11,
      -0.06,
      -0.16,
      -0.28,
      0.41
    ],
    [
      0.85,
      0.81,
      -0.42,
      -0.84,
      1.0,
      -0.53,
      0.88,
      0.04,
      0.17,
      0.44,
      0.46,
      -0.22
    ],
    [
      -0.45,
      -0.51,
      0.32,
      0.45,
      -0.53,
      1.0,
      -0.56,
      0.08,
      -0.05,
      -0.13,
      -0.24,
      -0.07
    ],
    [
      0.82,
      0.87,
      -0.49,
      -0.84,
      0.88,
      -0.56,
      1.0,
      -0.05,
      0.14,
      0.26,
      0.51,
      -0.29
    ],
    [
      0.11,
      0.15,
      0.86,
      0.11,
      0.04,
      0.08,
      -0.05,
      1.0,
      0.93,
      0.89,
      0.79,
      0.87
    ],
    [
      0.16,
      0.4,
      0.75,
      -0.06,
      0.17,
      -0.05,
      0.14,
      0.93,
      1.0,
      0.88,
      0.87,
      0.81
    ],
    [
      0.33,
      0.38,
      0.63,
      -0.16,
      0.44,
      -0.13,
      0.26,
      0.89,
      0.88,
      1.0,
      0.88,
      0.72
    ],
    [
      0.41,
      0.55,
      0.5,
      -0.28,
      0.46,
      -0.24,
      0.51,
      0.79,
      0.87,
      0.88,
      1.0,
      0.63
    ],
    [
      -0.25,
      -0.12,
      0.92,
      0.41,
      -0.22,
      -0.07,
      -0.29,
      0.87,
      0.81,
      0.72,
      0.63,
      1.0
    ]
  ],
  "lookback": 50,
  "updated": "2026-05-10T21:08:35.764756"
}