{
  "pairs": [
    "EURUSD",
    "GBPUSD",
    "USDJPY",
    "USDCHF",
    "AUDUSD",
    "USDCAD",
    "NZDUSD",
    "EURJPY",
    "GBPJPY",
    "AUDJPY",
    "NZDJPY",
    "CADJPY"
  ],
  "matrix": [
    [
      1.0,
      0.83,
      -0.51,
      -0.91,
      0.75,
      -0.61,
      0.82,
      0.6,
      0.56,
      0.64,
      0.68,
      -0.02
    ],
    [
      0.83,
      1.0,
      -0.41,
      -0.76,
      0.65,
      -0.55,
      0.7,
      0.52,
      0.81,
      0.57,
      0.6,
      0.04
    ],
    [
      -0.51,
      -0.41,
      1.0,
      0.33,
      -0.61,
      0.4,
      -0.51,
      0.38,
      0.2,
      -0.2,
      -0.07,
      0.68
    ],
    [
      -0.91,
      -0.76,
      0.33,
      1.0,
      -0.62,
      0.51,
      -0.71,
      -0.67,
      -0.6,
      -0.57,
      -0.64,
      -0.08
    ],
    [
      0.75,
      0.65,
      -0.61,
      -0.62,
      1.0,
      -0.53,
      0.88,
      0.24,
      0.31,
      0.9,
      0.71,
      -0.2
    ],
    [
      -0.61,
      -0.55,
      0.4,
      0.51,
      -0.53,
      1.0,
      -0.53,
      -0.29,
      -0.32,
      -0.43,
      -0.41,
      -0.4
    ],
    [
      0.82,
      0.7,
      -0.51,
      -0.71,
      0.88,
      -0.53,
      1.0,
      0.4,
      0.42,
      0.81,
      0.89,
      -0.09
    ],
    [
      0.6,
      0.52,
      0.38,
      -0.67,
      0.24,
      -0.29,
      0.4,
      1.0,
      0.79,
      0.49,
      0.66,
      0.61
    ],
    [
      0.56,
      0.81,
      0.2,
      -0.6,
      0.31,
      -0.32,
      0.42,
      0.79,
      1.0,
      0.49,
      0.6,
      0.46
    ],
    [
      0.64,
      0.57,
      -0.2,
      -0.57,
      0.9,
      -0.43,
      0.81,
      0.49,
      0.49,
      1.0,
      0.83,
      0.12
    ],
    [
      0.68,
      0.6,
      -0.07,
      -0.64,
      0.71,
      -0.41,
      0.89,
      0.66,
      0.6,
      0.83,
      1.0,
      0.24
    ],
    [
      -0.02,
      0.04,
      0.68,
      -0.08,
      -0.2,
      -0.4,
      -0.09,
      0.61,
      0.46,
      0.12,
      0.24,
      1.0
    ]
  ],
  "lookback": 50,
  "updated": "2026-05-25T04:56:55.810903"
}