{
  "pairs": [
    "EURUSD",
    "GBPUSD",
    "USDJPY",
    "USDCHF",
    "AUDUSD",
    "USDCAD",
    "NZDUSD",
    "EURJPY",
    "GBPJPY",
    "AUDJPY",
    "NZDJPY",
    "CADJPY"
  ],
  "matrix": [
    [
      1.0,
      0.84,
      -0.47,
      -0.72,
      0.81,
      -0.66,
      0.81,
      -0.14,
      -0.13,
      0.0,
      0.08,
      -0.22
    ],
    [
      0.84,
      1.0,
      -0.44,
      -0.71,
      0.82,
      -0.7,
      0.82,
      -0.17,
      -0.01,
      0.04,
      0.13,
      -0.17
    ],
    [
      -0.47,
      -0.44,
      1.0,
      0.78,
      -0.47,
      0.16,
      -0.55,
      0.94,
      0.9,
      0.82,
      0.76,
      0.93
    ],
    [
      -0.72,
      -0.71,
      0.78,
      1.0,
      -0.67,
      0.46,
      -0.73,
      0.59,
      0.53,
      0.44,
      0.35,
      0.6
    ],
    [
      0.81,
      0.82,
      -0.47,
      -0.67,
      1.0,
      -0.6,
      0.92,
      -0.21,
      -0.13,
      0.13,
      0.17,
      -0.24
    ],
    [
      -0.66,
      -0.7,
      0.16,
      0.46,
      -0.6,
      1.0,
      -0.66,
      -0.07,
      -0.15,
      -0.21,
      -0.33,
      -0.21
    ],
    [
      0.81,
      0.82,
      -0.55,
      -0.73,
      0.92,
      -0.66,
      1.0,
      -0.31,
      -0.23,
      -0.02,
      0.12,
      -0.3
    ],
    [
      -0.14,
      -0.17,
      0.94,
      0.59,
      -0.21,
      -0.07,
      -0.31,
      1.0,
      0.97,
      0.92,
      0.88,
      0.96
    ],
    [
      -0.13,
      -0.01,
      0.9,
      0.53,
      -0.13,
      -0.15,
      -0.23,
      0.97,
      1.0,
      0.93,
      0.9,
      0.95
    ],
    [
      0.0,
      0.04,
      0.82,
      0.44,
      0.13,
      -0.21,
      -0.02,
      0.92,
      0.93,
      1.0,
      0.96,
      0.89
    ],
    [
      0.08,
      0.13,
      0.76,
      0.35,
      0.17,
      -0.33,
      0.12,
      0.88,
      0.9,
      0.96,
      1.0,
      0.87
    ],
    [
      -0.22,
      -0.17,
      0.93,
      0.6,
      -0.24,
      -0.21,
      -0.3,
      0.96,
      0.95,
      0.89,
      0.87,
      1.0
    ]
  ],
  "lookback": 50,
  "updated": "2026-04-30T19:49:47.700064"
}