{
  "pairs": [
    "EURUSD",
    "GBPUSD",
    "USDJPY",
    "USDCHF",
    "AUDUSD",
    "USDCAD",
    "NZDUSD",
    "EURJPY",
    "GBPJPY",
    "AUDJPY",
    "NZDJPY",
    "CADJPY"
  ],
  "matrix": [
    [
      1.0,
      0.92,
      -0.72,
      -0.8,
      0.77,
      -0.63,
      0.83,
      0.48,
      0.55,
      0.53,
      0.59,
      -0.2
    ],
    [
      0.92,
      1.0,
      -0.75,
      -0.81,
      0.79,
      -0.69,
      0.8,
      0.33,
      0.62,
      0.53,
      0.53,
      -0.19
    ],
    [
      -0.72,
      -0.75,
      1.0,
      0.7,
      -0.69,
      0.65,
      -0.7,
      0.26,
      0.05,
      -0.22,
      -0.21,
      0.54
    ],
    [
      -0.8,
      -0.81,
      0.7,
      1.0,
      -0.65,
      0.68,
      -0.74,
      -0.23,
      -0.41,
      -0.39,
      -0.49,
      0.12
    ],
    [
      0.77,
      0.79,
      -0.69,
      -0.65,
      1.0,
      -0.75,
      0.91,
      0.2,
      0.38,
      0.86,
      0.72,
      -0.04
    ],
    [
      -0.63,
      -0.69,
      0.65,
      0.68,
      -0.75,
      1.0,
      -0.74,
      -0.06,
      -0.26,
      -0.55,
      -0.52,
      -0.29
    ],
    [
      0.83,
      0.8,
      -0.7,
      -0.74,
      0.91,
      -0.74,
      1.0,
      0.26,
      0.38,
      0.72,
      0.84,
      -0.07
    ],
    [
      0.48,
      0.33,
      0.26,
      -0.23,
      0.2,
      -0.06,
      0.26,
      1.0,
      0.82,
      0.45,
      0.56,
      0.39
    ],
    [
      0.55,
      0.62,
      0.05,
      -0.41,
      0.38,
      -0.26,
      0.38,
      0.82,
      1.0,
      0.54,
      0.56,
      0.35
    ],
    [
      0.53,
      0.53,
      -0.22,
      -0.39,
      0.86,
      -0.55,
      0.72,
      0.45,
      0.54,
      1.0,
      0.83,
      0.33
    ],
    [
      0.59,
      0.53,
      -0.21,
      -0.49,
      0.72,
      -0.52,
      0.84,
      0.56,
      0.56,
      0.83,
      1.0,
      0.32
    ],
    [
      -0.2,
      -0.19,
      0.54,
      0.12,
      -0.04,
      -0.29,
      -0.07,
      0.39,
      0.35,
      0.33,
      0.32,
      1.0
    ]
  ],
  "lookback": 50,
  "updated": "2026-04-16T20:15:03.978560"
}