{
  "pairs": [
    "EURUSD",
    "GBPUSD",
    "USDJPY",
    "USDCHF",
    "AUDUSD",
    "USDCAD",
    "NZDUSD",
    "EURJPY",
    "GBPJPY",
    "AUDJPY",
    "NZDJPY",
    "CADJPY"
  ],
  "matrix": [
    [
      1.0,
      0.8,
      -0.5,
      -0.8,
      0.76,
      -0.58,
      0.78,
      0.31,
      0.16,
      0.39,
      0.46,
      -0.06
    ],
    [
      0.8,
      1.0,
      -0.32,
      -0.78,
      0.76,
      -0.57,
      0.79,
      0.35,
      0.49,
      0.54,
      0.6,
      0.1
    ],
    [
      -0.5,
      -0.32,
      1.0,
      0.31,
      -0.43,
      0.19,
      -0.4,
      0.66,
      0.67,
      0.35,
      0.29,
      0.76
    ],
    [
      -0.8,
      -0.78,
      0.31,
      1.0,
      -0.64,
      0.59,
      -0.65,
      -0.35,
      -0.32,
      -0.42,
      -0.46,
      -0.11
    ],
    [
      0.76,
      0.76,
      -0.43,
      -0.64,
      1.0,
      -0.52,
      0.9,
      0.18,
      0.2,
      0.7,
      0.64,
      -0.03
    ],
    [
      -0.58,
      -0.57,
      0.19,
      0.59,
      -0.52,
      1.0,
      -0.66,
      -0.29,
      -0.27,
      -0.39,
      -0.55,
      -0.5
    ],
    [
      0.78,
      0.79,
      -0.4,
      -0.65,
      0.9,
      -0.66,
      1.0,
      0.24,
      0.25,
      0.62,
      0.76,
      0.09
    ],
    [
      0.31,
      0.35,
      0.66,
      -0.35,
      0.18,
      -0.29,
      0.24,
      1.0,
      0.88,
      0.72,
      0.72,
      0.78
    ],
    [
      0.16,
      0.49,
      0.67,
      -0.32,
      0.2,
      -0.27,
      0.25,
      0.88,
      1.0,
      0.74,
      0.74,
      0.77
    ],
    [
      0.39,
      0.54,
      0.35,
      -0.42,
      0.7,
      -0.39,
      0.62,
      0.72,
      0.74,
      1.0,
      0.89,
      0.57
    ],
    [
      0.46,
      0.6,
      0.29,
      -0.46,
      0.64,
      -0.55,
      0.76,
      0.72,
      0.74,
      0.89,
      1.0,
      0.63
    ],
    [
      -0.06,
      0.1,
      0.76,
      -0.11,
      -0.03,
      -0.5,
      0.09,
      0.78,
      0.77,
      0.57,
      0.63,
      1.0
    ]
  ],
  "lookback": 50,
  "updated": "2026-04-30T04:07:41.452719"
}