{
  "pairs": [
    "EURUSD",
    "GBPUSD",
    "USDJPY",
    "USDCHF",
    "AUDUSD",
    "USDCAD",
    "NZDUSD",
    "EURJPY",
    "GBPJPY",
    "AUDJPY",
    "NZDJPY",
    "CADJPY"
  ],
  "matrix": [
    [
      1.0,
      0.95,
      -0.84,
      -0.85,
      0.86,
      -0.69,
      0.82,
      0.43,
      0.63,
      0.65,
      0.6,
      -0.48
    ],
    [
      0.95,
      1.0,
      -0.88,
      -0.86,
      0.86,
      -0.72,
      0.85,
      0.27,
      0.67,
      0.62,
      0.62,
      -0.51
    ],
    [
      -0.84,
      -0.88,
      1.0,
      0.81,
      -0.82,
      0.67,
      -0.82,
      0.13,
      -0.24,
      -0.46,
      -0.48,
      0.72
    ],
    [
      -0.85,
      -0.86,
      0.81,
      1.0,
      -0.76,
      0.72,
      -0.78,
      -0.21,
      -0.49,
      -0.52,
      -0.56,
      0.41
    ],
    [
      0.86,
      0.86,
      -0.82,
      -0.76,
      1.0,
      -0.83,
      0.9,
      0.2,
      0.47,
      0.88,
      0.74,
      -0.33
    ],
    [
      -0.69,
      -0.72,
      0.67,
      0.72,
      -0.83,
      1.0,
      -0.8,
      -0.15,
      -0.42,
      -0.75,
      -0.71,
      -0.03
    ],
    [
      0.82,
      0.85,
      -0.82,
      -0.78,
      0.9,
      -0.8,
      1.0,
      0.12,
      0.45,
      0.73,
      0.89,
      -0.36
    ],
    [
      0.43,
      0.27,
      0.13,
      -0.21,
      0.2,
      -0.15,
      0.12,
      1.0,
      0.75,
      0.42,
      0.29,
      0.31
    ],
    [
      0.63,
      0.67,
      -0.24,
      -0.49,
      0.47,
      -0.42,
      0.45,
      0.75,
      1.0,
      0.54,
      0.51,
      0.07
    ],
    [
      0.65,
      0.62,
      -0.46,
      -0.52,
      0.88,
      -0.75,
      0.73,
      0.42,
      0.54,
      1.0,
      0.76,
      0.08
    ],
    [
      0.6,
      0.62,
      -0.48,
      -0.56,
      0.74,
      -0.71,
      0.89,
      0.29,
      0.51,
      0.76,
      1.0,
      0.01
    ],
    [
      -0.48,
      -0.51,
      0.72,
      0.41,
      -0.33,
      -0.03,
      -0.36,
      0.31,
      0.07,
      0.08,
      0.01,
      1.0
    ]
  ],
  "lookback": 50,
  "updated": "2026-04-14T17:37:35.016026"
}