{
  "pairs": [
    "EURUSD",
    "GBPUSD",
    "USDJPY",
    "USDCHF",
    "AUDUSD",
    "USDCAD",
    "NZDUSD",
    "EURJPY",
    "GBPJPY",
    "AUDJPY",
    "NZDJPY",
    "CADJPY"
  ],
  "matrix": [
    [
      1.0,
      0.94,
      -0.47,
      -0.79,
      0.85,
      -0.68,
      0.83,
      -0.14,
      -0.05,
      0.02,
      0.09,
      -0.27
    ],
    [
      0.94,
      1.0,
      -0.44,
      -0.78,
      0.84,
      -0.76,
      0.85,
      -0.13,
      0.02,
      0.04,
      0.14,
      -0.21
    ],
    [
      -0.47,
      -0.44,
      1.0,
      0.8,
      -0.44,
      0.29,
      -0.55,
      0.94,
      0.89,
      0.83,
      0.76,
      0.95
    ],
    [
      -0.79,
      -0.78,
      0.8,
      1.0,
      -0.76,
      0.5,
      -0.81,
      0.6,
      0.5,
      0.41,
      0.32,
      0.68
    ],
    [
      0.85,
      0.84,
      -0.44,
      -0.76,
      1.0,
      -0.64,
      0.9,
      -0.17,
      -0.07,
      0.13,
      0.17,
      -0.26
    ],
    [
      -0.68,
      -0.76,
      0.29,
      0.5,
      -0.64,
      1.0,
      -0.59,
      0.06,
      -0.06,
      -0.09,
      -0.12,
      -0.02
    ],
    [
      0.83,
      0.85,
      -0.55,
      -0.81,
      0.9,
      -0.59,
      1.0,
      -0.29,
      -0.18,
      -0.04,
      0.13,
      -0.38
    ],
    [
      -0.14,
      -0.13,
      0.94,
      0.6,
      -0.17,
      0.06,
      -0.29,
      1.0,
      0.98,
      0.93,
      0.89,
      0.96
    ],
    [
      -0.05,
      0.02,
      0.89,
      0.5,
      -0.07,
      -0.06,
      -0.18,
      0.98,
      1.0,
      0.94,
      0.92,
      0.95
    ],
    [
      0.02,
      0.04,
      0.83,
      0.41,
      0.13,
      -0.09,
      -0.04,
      0.93,
      0.94,
      1.0,
      0.95,
      0.89
    ],
    [
      0.09,
      0.14,
      0.76,
      0.32,
      0.17,
      -0.12,
      0.13,
      0.89,
      0.92,
      0.95,
      1.0,
      0.83
    ],
    [
      -0.27,
      -0.21,
      0.95,
      0.68,
      -0.26,
      -0.02,
      -0.38,
      0.96,
      0.95,
      0.89,
      0.83,
      1.0
    ]
  ],
  "lookback": 50,
  "updated": "2026-05-07T21:16:48.295860"
}