{
  "pairs": [
    "EURUSD",
    "GBPUSD",
    "USDJPY",
    "USDCHF",
    "AUDUSD",
    "USDCAD",
    "NZDUSD",
    "EURJPY",
    "GBPJPY"
  ],
  "matrix": [
    [
      1.0,
      0.96,
      -0.87,
      -0.9,
      0.88,
      -0.72,
      0.83,
      0.37,
      0.58
    ],
    [
      0.96,
      1.0,
      -0.89,
      -0.89,
      0.87,
      -0.69,
      0.87,
      0.26,
      0.64
    ],
    [
      -0.87,
      -0.89,
      1.0,
      0.86,
      -0.85,
      0.68,
      -0.84,
      0.13,
      -0.22
    ],
    [
      -0.9,
      -0.89,
      0.86,
      1.0,
      -0.8,
      0.68,
      -0.8,
      -0.2,
      -0.45
    ],
    [
      0.88,
      0.87,
      -0.85,
      -0.8,
      1.0,
      -0.81,
      0.87,
      0.17,
      0.41
    ],
    [
      -0.72,
      -0.69,
      0.68,
      0.68,
      -0.81,
      1.0,
      -0.81,
      -0.17,
      -0.33
    ],
    [
      0.83,
      0.87,
      -0.84,
      -0.8,
      0.87,
      -0.81,
      1.0,
      0.09,
      0.45
    ],
    [
      0.37,
      0.26,
      0.13,
      -0.2,
      0.17,
      -0.17,
      0.09,
      1.0,
      0.77
    ],
    [
      0.58,
      0.64,
      -0.22,
      -0.45,
      0.41,
      -0.33,
      0.45,
      0.77,
      1.0
    ]
  ],
  "lookback": 50,
  "updated": "2026-04-10T09:41:08.852797"
}