{
  "pairs": [
    "EURUSD",
    "GBPUSD",
    "USDJPY",
    "USDCHF",
    "AUDUSD",
    "USDCAD",
    "NZDUSD",
    "EURJPY",
    "GBPJPY",
    "AUDJPY",
    "NZDJPY",
    "CADJPY"
  ],
  "matrix": [
    [
      1.0,
      0.67,
      -0.62,
      -0.85,
      0.68,
      -0.6,
      0.77,
      0.69,
      0.51,
      0.56,
      0.65,
      0.01
    ],
    [
      0.67,
      1.0,
      -0.53,
      -0.71,
      0.61,
      -0.44,
      0.67,
      0.36,
      0.93,
      0.5,
      0.57,
      -0.07
    ],
    [
      -0.62,
      -0.53,
      1.0,
      0.6,
      -0.62,
      0.43,
      -0.58,
      0.15,
      -0.18,
      -0.31,
      -0.27,
      0.51
    ],
    [
      -0.85,
      -0.71,
      0.6,
      1.0,
      -0.63,
      0.62,
      -0.71,
      -0.52,
      -0.57,
      -0.5,
      -0.59,
      -0.05
    ],
    [
      0.68,
      0.61,
      -0.62,
      -0.63,
      1.0,
      -0.62,
      0.88,
      0.28,
      0.43,
      0.94,
      0.77,
      0.02
    ],
    [
      -0.6,
      -0.44,
      0.43,
      0.62,
      -0.62,
      1.0,
      -0.57,
      -0.36,
      -0.33,
      -0.56,
      -0.49,
      -0.55
    ],
    [
      0.77,
      0.67,
      -0.58,
      -0.71,
      0.88,
      -0.57,
      1.0,
      0.43,
      0.52,
      0.8,
      0.94,
      0.01
    ],
    [
      0.69,
      0.36,
      0.15,
      -0.52,
      0.28,
      -0.36,
      0.43,
      1.0,
      0.48,
      0.42,
      0.57,
      0.49
    ],
    [
      0.51,
      0.93,
      -0.18,
      -0.57,
      0.43,
      -0.33,
      0.52,
      0.48,
      1.0,
      0.45,
      0.54,
      0.15
    ],
    [
      0.56,
      0.5,
      -0.31,
      -0.5,
      0.94,
      -0.56,
      0.8,
      0.42,
      0.45,
      1.0,
      0.82,
      0.25
    ],
    [
      0.65,
      0.57,
      -0.27,
      -0.59,
      0.77,
      -0.49,
      0.94,
      0.57,
      0.54,
      0.82,
      1.0,
      0.22
    ],
    [
      0.01,
      -0.07,
      0.51,
      -0.05,
      0.02,
      -0.55,
      0.01,
      0.49,
      0.15,
      0.25,
      0.22,
      1.0
    ]
  ],
  "lookback": 50,
  "updated": "2026-05-19T11:34:12.311681"
}