{
  "pairs": [
    "EURUSD",
    "GBPUSD",
    "USDJPY",
    "USDCHF",
    "AUDUSD",
    "USDCAD",
    "NZDUSD",
    "EURJPY",
    "GBPJPY",
    "AUDJPY",
    "NZDJPY",
    "CADJPY"
  ],
  "matrix": [
    [
      1.0,
      0.87,
      -0.49,
      -0.7,
      0.76,
      -0.71,
      0.76,
      -0.18,
      -0.14,
      -0.1,
      -0.03,
      -0.23
    ],
    [
      0.87,
      1.0,
      -0.45,
      -0.69,
      0.74,
      -0.72,
      0.74,
      -0.17,
      -0.03,
      -0.06,
      0.0,
      -0.18
    ],
    [
      -0.49,
      -0.45,
      1.0,
      0.8,
      -0.44,
      0.2,
      -0.53,
      0.94,
      0.91,
      0.85,
      0.8,
      0.93
    ],
    [
      -0.7,
      -0.69,
      0.8,
      1.0,
      -0.66,
      0.46,
      -0.73,
      0.64,
      0.57,
      0.5,
      0.42,
      0.64
    ],
    [
      0.76,
      0.74,
      -0.44,
      -0.66,
      1.0,
      -0.6,
      0.93,
      -0.21,
      -0.15,
      0.1,
      0.14,
      -0.22
    ],
    [
      -0.71,
      -0.72,
      0.2,
      0.46,
      -0.6,
      1.0,
      -0.62,
      -0.05,
      -0.12,
      -0.14,
      -0.21,
      -0.17
    ],
    [
      0.76,
      0.74,
      -0.53,
      -0.73,
      0.93,
      -0.62,
      1.0,
      -0.31,
      -0.25,
      -0.04,
      0.09,
      -0.3
    ],
    [
      -0.18,
      -0.17,
      0.94,
      0.64,
      -0.21,
      -0.05,
      -0.31,
      1.0,
      0.97,
      0.92,
      0.89,
      0.97
    ],
    [
      -0.14,
      -0.03,
      0.91,
      0.57,
      -0.15,
      -0.12,
      -0.25,
      0.97,
      1.0,
      0.92,
      0.89,
      0.96
    ],
    [
      -0.1,
      -0.06,
      0.85,
      0.5,
      0.1,
      -0.14,
      -0.04,
      0.92,
      0.92,
      1.0,
      0.97,
      0.9
    ],
    [
      -0.03,
      0.0,
      0.8,
      0.42,
      0.14,
      -0.21,
      0.09,
      0.89,
      0.89,
      0.97,
      1.0,
      0.88
    ],
    [
      -0.23,
      -0.18,
      0.93,
      0.64,
      -0.22,
      -0.17,
      -0.3,
      0.97,
      0.96,
      0.9,
      0.88,
      1.0
    ]
  ],
  "lookback": 50,
  "updated": "2026-05-02T06:32:09.350208"
}