{
  "pairs": [
    "EURUSD",
    "GBPUSD",
    "USDJPY",
    "USDCHF",
    "AUDUSD",
    "USDCAD",
    "NZDUSD",
    "EURJPY",
    "GBPJPY",
    "AUDJPY",
    "NZDJPY",
    "CADJPY"
  ],
  "matrix": [
    [
      1.0,
      0.94,
      -0.47,
      -0.75,
      0.83,
      -0.6,
      0.81,
      -0.18,
      -0.08,
      -0.0,
      0.07,
      -0.31
    ],
    [
      0.94,
      1.0,
      -0.43,
      -0.76,
      0.81,
      -0.71,
      0.81,
      -0.15,
      -0.01,
      0.03,
      0.12,
      -0.24
    ],
    [
      -0.47,
      -0.43,
      1.0,
      0.82,
      -0.42,
      0.26,
      -0.53,
      0.95,
      0.91,
      0.83,
      0.76,
      0.96
    ],
    [
      -0.75,
      -0.76,
      0.82,
      1.0,
      -0.69,
      0.46,
      -0.76,
      0.65,
      0.56,
      0.47,
      0.38,
      0.71
    ],
    [
      0.83,
      0.81,
      -0.42,
      -0.69,
      1.0,
      -0.54,
      0.9,
      -0.18,
      -0.09,
      0.15,
      0.2,
      -0.28
    ],
    [
      -0.6,
      -0.71,
      0.26,
      0.46,
      -0.54,
      1.0,
      -0.53,
      0.08,
      -0.04,
      -0.04,
      -0.1,
      -0.03
    ],
    [
      0.81,
      0.81,
      -0.53,
      -0.76,
      0.9,
      -0.53,
      1.0,
      -0.31,
      -0.21,
      -0.03,
      0.15,
      -0.39
    ],
    [
      -0.18,
      -0.15,
      0.95,
      0.65,
      -0.18,
      0.08,
      -0.31,
      1.0,
      0.98,
      0.92,
      0.87,
      0.96
    ],
    [
      -0.08,
      -0.01,
      0.91,
      0.56,
      -0.09,
      -0.04,
      -0.21,
      0.98,
      1.0,
      0.93,
      0.9,
      0.95
    ],
    [
      -0.0,
      0.03,
      0.83,
      0.47,
      0.15,
      -0.04,
      -0.03,
      0.92,
      0.93,
      1.0,
      0.95,
      0.87
    ],
    [
      0.07,
      0.12,
      0.76,
      0.38,
      0.2,
      -0.1,
      0.15,
      0.87,
      0.9,
      0.95,
      1.0,
      0.82
    ],
    [
      -0.31,
      -0.24,
      0.96,
      0.71,
      -0.28,
      -0.03,
      -0.39,
      0.96,
      0.95,
      0.87,
      0.82,
      1.0
    ]
  ],
  "lookback": 50,
  "updated": "2026-05-06T12:53:30.654119"
}