{
  "pairs": [
    "EURUSD",
    "GBPUSD",
    "USDJPY",
    "USDCHF",
    "AUDUSD",
    "USDCAD",
    "NZDUSD",
    "EURJPY",
    "GBPJPY",
    "AUDJPY",
    "NZDJPY",
    "CADJPY"
  ],
  "matrix": [
    [
      1.0,
      0.87,
      -0.51,
      -0.74,
      0.79,
      -0.69,
      0.74,
      -0.2,
      -0.16,
      -0.1,
      -0.06,
      -0.26
    ],
    [
      0.87,
      1.0,
      -0.47,
      -0.74,
      0.76,
      -0.72,
      0.73,
      -0.21,
      -0.06,
      -0.07,
      -0.02,
      -0.22
    ],
    [
      -0.51,
      -0.47,
      1.0,
      0.8,
      -0.45,
      0.21,
      -0.52,
      0.95,
      0.91,
      0.85,
      0.78,
      0.93
    ],
    [
      -0.74,
      -0.74,
      0.8,
      1.0,
      -0.68,
      0.45,
      -0.73,
      0.63,
      0.56,
      0.49,
      0.4,
      0.65
    ],
    [
      0.79,
      0.76,
      -0.45,
      -0.68,
      1.0,
      -0.59,
      0.9,
      -0.21,
      -0.15,
      0.1,
      0.14,
      -0.24
    ],
    [
      -0.69,
      -0.72,
      0.21,
      0.45,
      -0.59,
      1.0,
      -0.63,
      -0.03,
      -0.11,
      -0.12,
      -0.22,
      -0.15
    ],
    [
      0.74,
      0.73,
      -0.52,
      -0.73,
      0.9,
      -0.63,
      1.0,
      -0.31,
      -0.24,
      -0.04,
      0.13,
      -0.3
    ],
    [
      -0.2,
      -0.21,
      0.95,
      0.63,
      -0.21,
      -0.03,
      -0.31,
      1.0,
      0.97,
      0.93,
      0.87,
      0.97
    ],
    [
      -0.16,
      -0.06,
      0.91,
      0.56,
      -0.15,
      -0.11,
      -0.24,
      0.97,
      1.0,
      0.92,
      0.88,
      0.96
    ],
    [
      -0.1,
      -0.07,
      0.85,
      0.49,
      0.1,
      -0.12,
      -0.04,
      0.93,
      0.92,
      1.0,
      0.95,
      0.9
    ],
    [
      -0.06,
      -0.02,
      0.78,
      0.4,
      0.14,
      -0.22,
      0.13,
      0.87,
      0.88,
      0.95,
      1.0,
      0.87
    ],
    [
      -0.26,
      -0.22,
      0.93,
      0.65,
      -0.24,
      -0.15,
      -0.3,
      0.97,
      0.96,
      0.9,
      0.87,
      1.0
    ]
  ],
  "lookback": 50,
  "updated": "2026-05-04T10:27:43.244979"
}