{
  "pairs": [
    "EURUSD",
    "GBPUSD",
    "USDJPY",
    "USDCHF",
    "AUDUSD",
    "USDCAD",
    "NZDUSD",
    "EURJPY",
    "GBPJPY",
    "AUDJPY",
    "NZDJPY",
    "CADJPY"
  ],
  "matrix": [
    [
      1.0,
      0.62,
      -0.71,
      -0.87,
      0.68,
      -0.46,
      0.71,
      0.61,
      0.36,
      0.39,
      0.46,
      -0.21
    ],
    [
      0.62,
      1.0,
      -0.44,
      -0.77,
      0.75,
      -0.38,
      0.8,
      0.5,
      0.91,
      0.64,
      0.71,
      -0.02
    ],
    [
      -0.71,
      -0.44,
      1.0,
      0.66,
      -0.57,
      0.31,
      -0.52,
      0.1,
      -0.04,
      -0.09,
      -0.09,
      0.59
    ],
    [
      -0.87,
      -0.77,
      0.66,
      1.0,
      -0.74,
      0.46,
      -0.82,
      -0.55,
      -0.55,
      -0.5,
      -0.62,
      0.15
    ],
    [
      0.68,
      0.75,
      -0.57,
      -0.74,
      1.0,
      -0.53,
      0.85,
      0.41,
      0.57,
      0.87,
      0.69,
      -0.02
    ],
    [
      -0.46,
      -0.38,
      0.31,
      0.46,
      -0.53,
      1.0,
      -0.47,
      -0.3,
      -0.28,
      -0.44,
      -0.38,
      -0.58
    ],
    [
      0.71,
      0.8,
      -0.52,
      -0.82,
      0.85,
      -0.47,
      1.0,
      0.51,
      0.65,
      0.7,
      0.9,
      -0.02
    ],
    [
      0.61,
      0.5,
      0.1,
      -0.55,
      0.41,
      -0.3,
      0.51,
      1.0,
      0.6,
      0.55,
      0.65,
      0.36
    ],
    [
      0.36,
      0.91,
      -0.04,
      -0.55,
      0.57,
      -0.28,
      0.65,
      0.6,
      1.0,
      0.66,
      0.74,
      0.24
    ],
    [
      0.39,
      0.64,
      -0.09,
      -0.5,
      0.87,
      -0.44,
      0.7,
      0.55,
      0.66,
      1.0,
      0.77,
      0.32
    ],
    [
      0.46,
      0.71,
      -0.09,
      -0.62,
      0.69,
      -0.38,
      0.9,
      0.65,
      0.74,
      0.77,
      1.0,
      0.27
    ],
    [
      -0.21,
      -0.02,
      0.59,
      0.15,
      -0.02,
      -0.58,
      -0.02,
      0.36,
      0.24,
      0.32,
      0.27,
      1.0
    ]
  ],
  "lookback": 50,
  "updated": "2026-05-14T21:29:44.766854"
}