{
  "pairs": [
    "EURUSD",
    "GBPUSD",
    "USDJPY",
    "USDCHF",
    "AUDUSD",
    "USDCAD",
    "NZDUSD",
    "EURJPY",
    "GBPJPY",
    "AUDJPY",
    "NZDJPY",
    "CADJPY"
  ],
  "matrix": [
    [
      1.0,
      0.62,
      -0.71,
      -0.88,
      0.68,
      -0.48,
      0.71,
      0.62,
      0.37,
      0.41,
      0.47,
      -0.17
    ],
    [
      0.62,
      1.0,
      -0.43,
      -0.77,
      0.74,
      -0.39,
      0.79,
      0.52,
      0.91,
      0.63,
      0.7,
      0.0
    ],
    [
      -0.71,
      -0.43,
      1.0,
      0.66,
      -0.55,
      0.31,
      -0.5,
      0.09,
      -0.03,
      -0.09,
      -0.09,
      0.57
    ],
    [
      -0.88,
      -0.77,
      0.66,
      1.0,
      -0.74,
      0.48,
      -0.82,
      -0.57,
      -0.56,
      -0.5,
      -0.63,
      0.12
    ],
    [
      0.68,
      0.74,
      -0.55,
      -0.74,
      1.0,
      -0.54,
      0.85,
      0.43,
      0.57,
      0.88,
      0.71,
      0.02
    ],
    [
      -0.48,
      -0.39,
      0.31,
      0.48,
      -0.54,
      1.0,
      -0.5,
      -0.32,
      -0.29,
      -0.47,
      -0.41,
      -0.6
    ],
    [
      0.71,
      0.79,
      -0.5,
      -0.82,
      0.85,
      -0.5,
      1.0,
      0.53,
      0.64,
      0.72,
      0.91,
      0.03
    ],
    [
      0.62,
      0.52,
      0.09,
      -0.57,
      0.43,
      -0.32,
      0.53,
      1.0,
      0.61,
      0.56,
      0.66,
      0.37
    ],
    [
      0.37,
      0.91,
      -0.03,
      -0.56,
      0.57,
      -0.29,
      0.64,
      0.61,
      1.0,
      0.66,
      0.73,
      0.26
    ],
    [
      0.41,
      0.63,
      -0.09,
      -0.5,
      0.88,
      -0.47,
      0.72,
      0.56,
      0.66,
      1.0,
      0.79,
      0.34
    ],
    [
      0.47,
      0.7,
      -0.09,
      -0.63,
      0.71,
      -0.41,
      0.91,
      0.66,
      0.73,
      0.79,
      1.0,
      0.3
    ],
    [
      -0.17,
      0.0,
      0.57,
      0.12,
      0.02,
      -0.6,
      0.03,
      0.37,
      0.26,
      0.34,
      0.3,
      1.0
    ]
  ],
  "lookback": 50,
  "updated": "2026-05-15T04:31:14.640271"
}