{
  "pairs": [
    "EURUSD",
    "GBPUSD",
    "USDJPY",
    "USDCHF",
    "AUDUSD",
    "USDCAD",
    "NZDUSD",
    "EURJPY",
    "GBPJPY",
    "AUDJPY",
    "NZDJPY",
    "CADJPY"
  ],
  "matrix": [
    [
      1.0,
      0.94,
      -0.44,
      -0.9,
      0.84,
      -0.49,
      0.83,
      0.09,
      0.18,
      0.26,
      0.37,
      -0.28
    ],
    [
      0.94,
      1.0,
      -0.41,
      -0.88,
      0.8,
      -0.56,
      0.84,
      0.1,
      0.26,
      0.26,
      0.42,
      -0.2
    ],
    [
      -0.44,
      -0.41,
      1.0,
      0.58,
      -0.41,
      0.35,
      -0.5,
      0.85,
      0.77,
      0.64,
      0.52,
      0.92
    ],
    [
      -0.9,
      -0.88,
      0.58,
      1.0,
      -0.82,
      0.45,
      -0.83,
      0.12,
      0.01,
      -0.11,
      -0.23,
      0.44
    ],
    [
      0.84,
      0.8,
      -0.41,
      -0.82,
      1.0,
      -0.48,
      0.88,
      0.03,
      0.12,
      0.43,
      0.45,
      -0.25
    ],
    [
      -0.49,
      -0.56,
      0.35,
      0.45,
      -0.48,
      1.0,
      -0.52,
      0.11,
      -0.02,
      -0.05,
      -0.15,
      -0.04
    ],
    [
      0.83,
      0.84,
      -0.5,
      -0.83,
      0.88,
      -0.52,
      1.0,
      -0.07,
      0.06,
      0.24,
      0.48,
      -0.32
    ],
    [
      0.09,
      0.1,
      0.85,
      0.12,
      0.03,
      0.11,
      -0.07,
      1.0,
      0.97,
      0.87,
      0.79,
      0.87
    ],
    [
      0.18,
      0.26,
      0.77,
      0.01,
      0.12,
      -0.02,
      0.06,
      0.97,
      1.0,
      0.87,
      0.84,
      0.83
    ],
    [
      0.26,
      0.26,
      0.64,
      -0.11,
      0.43,
      -0.05,
      0.24,
      0.87,
      0.87,
      1.0,
      0.89,
      0.7
    ],
    [
      0.37,
      0.42,
      0.52,
      -0.23,
      0.45,
      -0.15,
      0.48,
      0.79,
      0.84,
      0.89,
      1.0,
      0.61
    ],
    [
      -0.28,
      -0.2,
      0.92,
      0.44,
      -0.25,
      -0.04,
      -0.32,
      0.87,
      0.83,
      0.7,
      0.61,
      1.0
    ]
  ],
  "lookback": 50,
  "updated": "2026-05-09T17:15:49.800758"
}