{
  "pairs": [
    "EURUSD",
    "GBPUSD",
    "USDJPY",
    "USDCHF",
    "AUDUSD",
    "USDCAD",
    "NZDUSD",
    "EURJPY",
    "GBPJPY",
    "AUDJPY",
    "NZDJPY",
    "CADJPY"
  ],
  "matrix": [
    [
      1.0,
      0.91,
      -0.68,
      -0.77,
      0.78,
      -0.66,
      0.82,
      0.49,
      0.51,
      0.58,
      0.6,
      -0.08
    ],
    [
      0.91,
      1.0,
      -0.71,
      -0.79,
      0.81,
      -0.72,
      0.8,
      0.34,
      0.6,
      0.61,
      0.56,
      -0.04
    ],
    [
      -0.68,
      -0.71,
      1.0,
      0.66,
      -0.69,
      0.67,
      -0.68,
      0.3,
      0.13,
      -0.25,
      -0.2,
      0.47
    ],
    [
      -0.77,
      -0.79,
      0.66,
      1.0,
      -0.65,
      0.7,
      -0.72,
      -0.22,
      -0.36,
      -0.43,
      -0.49,
      0.0
    ],
    [
      0.78,
      0.81,
      -0.69,
      -0.65,
      1.0,
      -0.75,
      0.91,
      0.19,
      0.36,
      0.88,
      0.72,
      0.02
    ],
    [
      -0.66,
      -0.72,
      0.67,
      0.7,
      -0.75,
      1.0,
      -0.75,
      -0.06,
      -0.26,
      -0.55,
      -0.52,
      -0.34
    ],
    [
      0.82,
      0.8,
      -0.68,
      -0.72,
      0.91,
      -0.75,
      1.0,
      0.25,
      0.34,
      0.76,
      0.85,
      0.02
    ],
    [
      0.49,
      0.34,
      0.3,
      -0.22,
      0.19,
      -0.06,
      0.25,
      1.0,
      0.82,
      0.46,
      0.55,
      0.45
    ],
    [
      0.51,
      0.6,
      0.13,
      -0.36,
      0.36,
      -0.26,
      0.34,
      0.82,
      1.0,
      0.57,
      0.56,
      0.47
    ],
    [
      0.58,
      0.61,
      -0.25,
      -0.43,
      0.88,
      -0.55,
      0.76,
      0.46,
      0.57,
      1.0,
      0.83,
      0.33
    ],
    [
      0.6,
      0.56,
      -0.2,
      -0.49,
      0.72,
      -0.52,
      0.85,
      0.55,
      0.56,
      0.83,
      1.0,
      0.36
    ],
    [
      -0.08,
      -0.04,
      0.47,
      0.0,
      0.02,
      -0.34,
      0.02,
      0.45,
      0.47,
      0.33,
      0.36,
      1.0
    ]
  ],
  "lookback": 50,
  "updated": "2026-04-16T21:06:11.988663"
}