{
  "pairs": [
    "EURUSD",
    "GBPUSD",
    "USDJPY",
    "USDCHF",
    "AUDUSD",
    "USDCAD",
    "NZDUSD",
    "EURJPY",
    "GBPJPY",
    "AUDJPY",
    "NZDJPY",
    "CADJPY"
  ],
  "matrix": [
    [
      1.0,
      0.83,
      -0.51,
      -0.88,
      0.74,
      -0.6,
      0.82,
      0.6,
      0.56,
      0.63,
      0.69,
      -0.02
    ],
    [
      0.83,
      1.0,
      -0.41,
      -0.74,
      0.65,
      -0.54,
      0.7,
      0.52,
      0.81,
      0.57,
      0.6,
      0.04
    ],
    [
      -0.51,
      -0.41,
      1.0,
      0.32,
      -0.61,
      0.41,
      -0.52,
      0.38,
      0.21,
      -0.21,
      -0.08,
      0.66
    ],
    [
      -0.88,
      -0.74,
      0.32,
      1.0,
      -0.56,
      0.46,
      -0.69,
      -0.65,
      -0.58,
      -0.52,
      -0.64,
      -0.06
    ],
    [
      0.74,
      0.65,
      -0.61,
      -0.56,
      1.0,
      -0.53,
      0.88,
      0.23,
      0.3,
      0.9,
      0.71,
      -0.18
    ],
    [
      -0.6,
      -0.54,
      0.41,
      0.46,
      -0.53,
      1.0,
      -0.53,
      -0.28,
      -0.3,
      -0.43,
      -0.41,
      -0.41
    ],
    [
      0.82,
      0.7,
      -0.52,
      -0.69,
      0.88,
      -0.53,
      1.0,
      0.39,
      0.41,
      0.8,
      0.89,
      -0.09
    ],
    [
      0.6,
      0.52,
      0.38,
      -0.65,
      0.23,
      -0.28,
      0.39,
      1.0,
      0.8,
      0.48,
      0.65,
      0.6
    ],
    [
      0.56,
      0.81,
      0.21,
      -0.58,
      0.3,
      -0.3,
      0.41,
      0.8,
      1.0,
      0.48,
      0.59,
      0.46
    ],
    [
      0.63,
      0.57,
      -0.21,
      -0.52,
      0.9,
      -0.43,
      0.8,
      0.48,
      0.48,
      1.0,
      0.83,
      0.13
    ],
    [
      0.69,
      0.6,
      -0.08,
      -0.64,
      0.71,
      -0.41,
      0.89,
      0.65,
      0.59,
      0.83,
      1.0,
      0.24
    ],
    [
      -0.02,
      0.04,
      0.66,
      -0.06,
      -0.18,
      -0.41,
      -0.09,
      0.6,
      0.46,
      0.13,
      0.24,
      1.0
    ]
  ],
  "lookback": 50,
  "updated": "2026-05-25T15:30:45.872254"
}