{
  "pairs": [
    "EURUSD",
    "GBPUSD",
    "USDJPY",
    "USDCHF",
    "AUDUSD",
    "USDCAD",
    "NZDUSD",
    "EURJPY",
    "GBPJPY",
    "AUDJPY",
    "NZDJPY",
    "CADJPY"
  ],
  "matrix": [
    [
      1.0,
      0.77,
      -0.42,
      -0.87,
      0.85,
      -0.5,
      0.81,
      0.11,
      0.15,
      0.3,
      0.39,
      -0.23
    ],
    [
      0.77,
      1.0,
      -0.27,
      -0.84,
      0.81,
      -0.5,
      0.87,
      0.21,
      0.45,
      0.41,
      0.59,
      -0.06
    ],
    [
      -0.42,
      -0.27,
      1.0,
      0.55,
      -0.41,
      0.32,
      -0.47,
      0.85,
      0.74,
      0.64,
      0.5,
      0.91
    ],
    [
      -0.87,
      -0.84,
      0.55,
      1.0,
      -0.84,
      0.48,
      -0.84,
      0.07,
      -0.08,
      -0.17,
      -0.3,
      0.37
    ],
    [
      0.85,
      0.81,
      -0.41,
      -0.84,
      1.0,
      -0.54,
      0.88,
      0.07,
      0.19,
      0.45,
      0.47,
      -0.19
    ],
    [
      -0.5,
      -0.5,
      0.32,
      0.48,
      -0.54,
      1.0,
      -0.55,
      0.06,
      -0.05,
      -0.14,
      -0.22,
      -0.09
    ],
    [
      0.81,
      0.87,
      -0.47,
      -0.84,
      0.88,
      -0.55,
      1.0,
      -0.02,
      0.17,
      0.27,
      0.52,
      -0.26
    ],
    [
      0.11,
      0.21,
      0.85,
      0.07,
      0.07,
      0.06,
      -0.02,
      1.0,
      0.93,
      0.89,
      0.8,
      0.87
    ],
    [
      0.15,
      0.45,
      0.74,
      -0.08,
      0.19,
      -0.05,
      0.17,
      0.93,
      1.0,
      0.88,
      0.88,
      0.81
    ],
    [
      0.3,
      0.41,
      0.64,
      -0.17,
      0.45,
      -0.14,
      0.27,
      0.89,
      0.88,
      1.0,
      0.88,
      0.73
    ],
    [
      0.39,
      0.59,
      0.5,
      -0.3,
      0.47,
      -0.22,
      0.52,
      0.8,
      0.88,
      0.88,
      1.0,
      0.63
    ],
    [
      -0.23,
      -0.06,
      0.91,
      0.37,
      -0.19,
      -0.09,
      -0.26,
      0.87,
      0.81,
      0.73,
      0.63,
      1.0
    ]
  ],
  "lookback": 50,
  "updated": "2026-05-11T11:38:58.375015"
}