{
  "pairs": [
    "EURUSD",
    "GBPUSD",
    "USDJPY",
    "USDCHF",
    "AUDUSD",
    "USDCAD",
    "NZDUSD",
    "EURJPY",
    "GBPJPY"
  ],
  "matrix": [
    [
      1.0,
      0.96,
      -0.88,
      -0.91,
      0.88,
      -0.72,
      0.83,
      0.36,
      0.59
    ],
    [
      0.96,
      1.0,
      -0.89,
      -0.89,
      0.86,
      -0.69,
      0.86,
      0.25,
      0.65
    ],
    [
      -0.88,
      -0.89,
      1.0,
      0.87,
      -0.85,
      0.67,
      -0.83,
      0.13,
      -0.23
    ],
    [
      -0.91,
      -0.89,
      0.87,
      1.0,
      -0.8,
      0.68,
      -0.8,
      -0.2,
      -0.46
    ],
    [
      0.88,
      0.86,
      -0.85,
      -0.8,
      1.0,
      -0.81,
      0.87,
      0.18,
      0.42
    ],
    [
      -0.72,
      -0.69,
      0.67,
      0.68,
      -0.81,
      1.0,
      -0.81,
      -0.18,
      -0.34
    ],
    [
      0.83,
      0.86,
      -0.83,
      -0.8,
      0.87,
      -0.81,
      1.0,
      0.1,
      0.45
    ],
    [
      0.36,
      0.25,
      0.13,
      -0.2,
      0.18,
      -0.18,
      0.1,
      1.0,
      0.76
    ],
    [
      0.59,
      0.65,
      -0.23,
      -0.46,
      0.42,
      -0.34,
      0.45,
      0.76,
      1.0
    ]
  ],
  "lookback": 50,
  "updated": "2026-04-10T08:10:37.861321"
}