{
  "pairs": [
    "EURUSD",
    "GBPUSD",
    "USDJPY",
    "USDCHF",
    "AUDUSD",
    "USDCAD",
    "NZDUSD",
    "EURJPY",
    "GBPJPY",
    "AUDJPY",
    "NZDJPY",
    "CADJPY"
  ],
  "matrix": [
    [
      1.0,
      0.59,
      -0.69,
      -0.85,
      0.68,
      -0.46,
      0.69,
      0.61,
      0.35,
      0.44,
      0.47,
      -0.15
    ],
    [
      0.59,
      1.0,
      -0.43,
      -0.73,
      0.7,
      -0.33,
      0.75,
      0.47,
      0.92,
      0.59,
      0.65,
      -0.04
    ],
    [
      -0.69,
      -0.43,
      1.0,
      0.64,
      -0.53,
      0.28,
      -0.46,
      0.12,
      -0.04,
      -0.09,
      -0.06,
      0.56
    ],
    [
      -0.85,
      -0.73,
      0.64,
      1.0,
      -0.72,
      0.47,
      -0.78,
      -0.55,
      -0.53,
      -0.49,
      -0.58,
      0.09
    ],
    [
      0.68,
      0.7,
      -0.53,
      -0.72,
      1.0,
      -0.5,
      0.87,
      0.44,
      0.54,
      0.89,
      0.74,
      0.02
    ],
    [
      -0.46,
      -0.33,
      0.28,
      0.47,
      -0.5,
      1.0,
      -0.46,
      -0.32,
      -0.24,
      -0.43,
      -0.38,
      -0.63
    ],
    [
      0.69,
      0.75,
      -0.46,
      -0.78,
      0.87,
      -0.46,
      1.0,
      0.53,
      0.62,
      0.77,
      0.91,
      0.04
    ],
    [
      0.61,
      0.47,
      0.12,
      -0.55,
      0.44,
      -0.32,
      0.53,
      1.0,
      0.57,
      0.58,
      0.66,
      0.39
    ],
    [
      0.35,
      0.92,
      -0.04,
      -0.53,
      0.54,
      -0.24,
      0.62,
      0.57,
      1.0,
      0.61,
      0.69,
      0.21
    ],
    [
      0.44,
      0.59,
      -0.09,
      -0.49,
      0.89,
      -0.43,
      0.77,
      0.58,
      0.61,
      1.0,
      0.82,
      0.32
    ],
    [
      0.47,
      0.65,
      -0.06,
      -0.58,
      0.74,
      -0.38,
      0.91,
      0.66,
      0.69,
      0.82,
      1.0,
      0.3
    ],
    [
      -0.15,
      -0.04,
      0.56,
      0.09,
      0.02,
      -0.63,
      0.04,
      0.39,
      0.21,
      0.32,
      0.3,
      1.0
    ]
  ],
  "lookback": 50,
  "updated": "2026-05-15T17:38:25.121358"
}