{
  "pairs": [
    "EURUSD",
    "GBPUSD",
    "USDJPY",
    "USDCHF",
    "AUDUSD",
    "USDCAD",
    "NZDUSD",
    "EURJPY",
    "GBPJPY",
    "AUDJPY",
    "NZDJPY",
    "CADJPY"
  ],
  "matrix": [
    [
      1.0,
      0.94,
      -0.46,
      -0.75,
      0.83,
      -0.6,
      0.81,
      -0.17,
      -0.08,
      0.01,
      0.08,
      -0.3
    ],
    [
      0.94,
      1.0,
      -0.42,
      -0.75,
      0.82,
      -0.7,
      0.81,
      -0.14,
      -0.01,
      0.05,
      0.13,
      -0.22
    ],
    [
      -0.46,
      -0.42,
      1.0,
      0.82,
      -0.43,
      0.26,
      -0.53,
      0.95,
      0.91,
      0.83,
      0.76,
      0.96
    ],
    [
      -0.75,
      -0.75,
      0.82,
      1.0,
      -0.7,
      0.45,
      -0.76,
      0.66,
      0.56,
      0.46,
      0.37,
      0.72
    ],
    [
      0.83,
      0.82,
      -0.43,
      -0.7,
      1.0,
      -0.54,
      0.9,
      -0.18,
      -0.09,
      0.16,
      0.2,
      -0.28
    ],
    [
      -0.6,
      -0.7,
      0.26,
      0.45,
      -0.54,
      1.0,
      -0.53,
      0.08,
      -0.04,
      -0.06,
      -0.11,
      -0.04
    ],
    [
      0.81,
      0.81,
      -0.53,
      -0.76,
      0.9,
      -0.53,
      1.0,
      -0.31,
      -0.21,
      -0.02,
      0.15,
      -0.39
    ],
    [
      -0.17,
      -0.14,
      0.95,
      0.66,
      -0.18,
      0.08,
      -0.31,
      1.0,
      0.98,
      0.92,
      0.87,
      0.96
    ],
    [
      -0.08,
      -0.01,
      0.91,
      0.56,
      -0.09,
      -0.04,
      -0.21,
      0.98,
      1.0,
      0.93,
      0.9,
      0.95
    ],
    [
      0.01,
      0.05,
      0.83,
      0.46,
      0.16,
      -0.06,
      -0.02,
      0.92,
      0.93,
      1.0,
      0.95,
      0.87
    ],
    [
      0.08,
      0.13,
      0.76,
      0.37,
      0.2,
      -0.11,
      0.15,
      0.87,
      0.9,
      0.95,
      1.0,
      0.82
    ],
    [
      -0.3,
      -0.22,
      0.96,
      0.72,
      -0.28,
      -0.04,
      -0.39,
      0.96,
      0.95,
      0.87,
      0.82,
      1.0
    ]
  ],
  "lookback": 50,
  "updated": "2026-05-06T15:05:08.434342"
}