{
  "pairs": [
    "EURUSD",
    "GBPUSD",
    "USDJPY",
    "USDCHF",
    "AUDUSD",
    "USDCAD",
    "NZDUSD",
    "EURJPY",
    "GBPJPY",
    "AUDJPY",
    "NZDJPY",
    "CADJPY"
  ],
  "matrix": [
    [
      1.0,
      0.76,
      -0.42,
      -0.87,
      0.85,
      -0.51,
      0.81,
      0.11,
      0.16,
      0.31,
      0.4,
      -0.23
    ],
    [
      0.76,
      1.0,
      -0.28,
      -0.84,
      0.82,
      -0.5,
      0.87,
      0.2,
      0.46,
      0.42,
      0.6,
      -0.07
    ],
    [
      -0.42,
      -0.28,
      1.0,
      0.55,
      -0.41,
      0.33,
      -0.47,
      0.85,
      0.72,
      0.63,
      0.49,
      0.91
    ],
    [
      -0.87,
      -0.84,
      0.55,
      1.0,
      -0.84,
      0.49,
      -0.85,
      0.07,
      -0.1,
      -0.18,
      -0.32,
      0.37
    ],
    [
      0.85,
      0.82,
      -0.41,
      -0.84,
      1.0,
      -0.54,
      0.88,
      0.07,
      0.21,
      0.45,
      0.48,
      -0.2
    ],
    [
      -0.51,
      -0.5,
      0.33,
      0.49,
      -0.54,
      1.0,
      -0.55,
      0.06,
      -0.06,
      -0.14,
      -0.23,
      -0.08
    ],
    [
      0.81,
      0.87,
      -0.47,
      -0.85,
      0.88,
      -0.55,
      1.0,
      -0.02,
      0.19,
      0.28,
      0.54,
      -0.26
    ],
    [
      0.11,
      0.2,
      0.85,
      0.07,
      0.07,
      0.06,
      -0.02,
      1.0,
      0.92,
      0.89,
      0.8,
      0.87
    ],
    [
      0.16,
      0.46,
      0.72,
      -0.1,
      0.21,
      -0.06,
      0.19,
      0.92,
      1.0,
      0.89,
      0.88,
      0.79
    ],
    [
      0.31,
      0.42,
      0.63,
      -0.18,
      0.45,
      -0.14,
      0.28,
      0.89,
      0.89,
      1.0,
      0.88,
      0.72
    ],
    [
      0.4,
      0.6,
      0.49,
      -0.32,
      0.48,
      -0.23,
      0.54,
      0.8,
      0.88,
      0.88,
      1.0,
      0.62
    ],
    [
      -0.23,
      -0.07,
      0.91,
      0.37,
      -0.2,
      -0.08,
      -0.26,
      0.87,
      0.79,
      0.72,
      0.62,
      1.0
    ]
  ],
  "lookback": 50,
  "updated": "2026-05-11T15:41:13.853225"
}