{
  "pairs": [
    "EURUSD",
    "GBPUSD",
    "USDJPY",
    "USDCHF",
    "AUDUSD",
    "USDCAD",
    "NZDUSD",
    "EURJPY",
    "GBPJPY",
    "AUDJPY",
    "NZDJPY",
    "CADJPY"
  ],
  "matrix": [
    [
      1.0,
      0.9,
      -0.58,
      -0.7,
      0.81,
      -0.33,
      0.85,
      0.41,
      0.44,
      0.52,
      0.57,
      -0.19
    ],
    [
      0.9,
      1.0,
      -0.69,
      -0.76,
      0.85,
      -0.39,
      0.86,
      0.18,
      0.44,
      0.5,
      0.49,
      -0.24
    ],
    [
      -0.58,
      -0.69,
      1.0,
      0.68,
      -0.51,
      0.39,
      -0.6,
      0.51,
      0.35,
      0.12,
      0.1,
      0.5
    ],
    [
      -0.7,
      -0.76,
      0.68,
      1.0,
      -0.58,
      0.59,
      -0.67,
      0.02,
      -0.14,
      -0.18,
      -0.26,
      0.04
    ],
    [
      0.81,
      0.85,
      -0.51,
      -0.58,
      1.0,
      -0.32,
      0.92,
      0.28,
      0.47,
      0.79,
      0.72,
      -0.15
    ],
    [
      -0.33,
      -0.39,
      0.39,
      0.59,
      -0.32,
      1.0,
      -0.38,
      0.09,
      -0.01,
      -0.09,
      -0.14,
      -0.6
    ],
    [
      0.85,
      0.86,
      -0.6,
      -0.67,
      0.92,
      -0.38,
      1.0,
      0.22,
      0.36,
      0.64,
      0.74,
      -0.17
    ],
    [
      0.41,
      0.18,
      0.51,
      0.02,
      0.28,
      0.09,
      0.22,
      1.0,
      0.86,
      0.69,
      0.71,
      0.36
    ],
    [
      0.44,
      0.44,
      0.35,
      -0.14,
      0.47,
      -0.01,
      0.36,
      0.86,
      1.0,
      0.79,
      0.75,
      0.32
    ],
    [
      0.52,
      0.5,
      0.12,
      -0.18,
      0.79,
      -0.09,
      0.64,
      0.69,
      0.79,
      1.0,
      0.9,
      0.19
    ],
    [
      0.57,
      0.49,
      0.1,
      -0.26,
      0.72,
      -0.14,
      0.74,
      0.71,
      0.75,
      0.9,
      1.0,
      0.21
    ],
    [
      -0.19,
      -0.24,
      0.5,
      0.04,
      -0.15,
      -0.6,
      -0.17,
      0.36,
      0.32,
      0.19,
      0.21,
      1.0
    ]
  ],
  "lookback": 50,
  "updated": "2026-04-20T21:04:25.050292"
}