{
  "pairs": [
    "EURUSD",
    "GBPUSD",
    "USDJPY",
    "USDCHF",
    "AUDUSD",
    "USDCAD",
    "NZDUSD",
    "EURJPY",
    "GBPJPY",
    "AUDJPY",
    "NZDJPY",
    "CADJPY"
  ],
  "matrix": [
    [
      1.0,
      0.88,
      -0.5,
      -0.75,
      0.81,
      -0.65,
      0.76,
      -0.18,
      -0.13,
      -0.04,
      0.0,
      -0.27
    ],
    [
      0.88,
      1.0,
      -0.46,
      -0.74,
      0.78,
      -0.67,
      0.75,
      -0.18,
      -0.03,
      -0.02,
      0.03,
      -0.23
    ],
    [
      -0.5,
      -0.46,
      1.0,
      0.83,
      -0.43,
      0.21,
      -0.51,
      0.94,
      0.9,
      0.82,
      0.76,
      0.94
    ],
    [
      -0.75,
      -0.74,
      0.83,
      1.0,
      -0.69,
      0.44,
      -0.74,
      0.64,
      0.57,
      0.47,
      0.39,
      0.68
    ],
    [
      0.81,
      0.78,
      -0.43,
      -0.69,
      1.0,
      -0.54,
      0.91,
      -0.17,
      -0.1,
      0.15,
      0.19,
      -0.24
    ],
    [
      -0.65,
      -0.67,
      0.21,
      0.44,
      -0.54,
      1.0,
      -0.58,
      -0.02,
      -0.1,
      -0.11,
      -0.21,
      -0.15
    ],
    [
      0.76,
      0.75,
      -0.51,
      -0.74,
      0.91,
      -0.58,
      1.0,
      -0.28,
      -0.21,
      0.01,
      0.17,
      -0.3
    ],
    [
      -0.18,
      -0.18,
      0.94,
      0.64,
      -0.17,
      -0.02,
      -0.28,
      1.0,
      0.97,
      0.92,
      0.86,
      0.96
    ],
    [
      -0.13,
      -0.03,
      0.9,
      0.57,
      -0.1,
      -0.1,
      -0.21,
      0.97,
      1.0,
      0.92,
      0.87,
      0.94
    ],
    [
      -0.04,
      -0.02,
      0.82,
      0.47,
      0.15,
      -0.11,
      0.01,
      0.92,
      0.92,
      1.0,
      0.95,
      0.87
    ],
    [
      0.0,
      0.03,
      0.76,
      0.39,
      0.19,
      -0.21,
      0.17,
      0.86,
      0.87,
      0.95,
      1.0,
      0.84
    ],
    [
      -0.27,
      -0.23,
      0.94,
      0.68,
      -0.24,
      -0.15,
      -0.3,
      0.96,
      0.94,
      0.87,
      0.84,
      1.0
    ]
  ],
  "lookback": 50,
  "updated": "2026-05-04T17:55:02.704524"
}