{
  "pairs": [
    "EURUSD",
    "GBPUSD",
    "USDJPY",
    "USDCHF",
    "AUDUSD",
    "USDCAD",
    "NZDUSD",
    "EURJPY",
    "GBPJPY",
    "AUDJPY",
    "NZDJPY",
    "CADJPY"
  ],
  "matrix": [
    [
      1.0,
      0.88,
      -0.51,
      -0.75,
      0.81,
      -0.63,
      0.76,
      -0.18,
      -0.14,
      -0.05,
      -0.0,
      -0.28
    ],
    [
      0.88,
      1.0,
      -0.48,
      -0.75,
      0.79,
      -0.66,
      0.75,
      -0.2,
      -0.05,
      -0.03,
      0.02,
      -0.24
    ],
    [
      -0.51,
      -0.48,
      1.0,
      0.83,
      -0.44,
      0.2,
      -0.51,
      0.94,
      0.9,
      0.83,
      0.76,
      0.93
    ],
    [
      -0.75,
      -0.75,
      0.83,
      1.0,
      -0.69,
      0.43,
      -0.74,
      0.65,
      0.58,
      0.48,
      0.39,
      0.68
    ],
    [
      0.81,
      0.79,
      -0.44,
      -0.69,
      1.0,
      -0.52,
      0.91,
      -0.17,
      -0.11,
      0.15,
      0.19,
      -0.25
    ],
    [
      -0.63,
      -0.66,
      0.2,
      0.43,
      -0.52,
      1.0,
      -0.57,
      -0.02,
      -0.09,
      -0.11,
      -0.2,
      -0.16
    ],
    [
      0.76,
      0.75,
      -0.51,
      -0.74,
      0.91,
      -0.57,
      1.0,
      -0.28,
      -0.21,
      0.01,
      0.17,
      -0.31
    ],
    [
      -0.18,
      -0.2,
      0.94,
      0.65,
      -0.17,
      -0.02,
      -0.28,
      1.0,
      0.97,
      0.92,
      0.86,
      0.95
    ],
    [
      -0.14,
      -0.05,
      0.9,
      0.58,
      -0.11,
      -0.09,
      -0.21,
      0.97,
      1.0,
      0.92,
      0.87,
      0.94
    ],
    [
      -0.05,
      -0.03,
      0.83,
      0.48,
      0.15,
      -0.11,
      0.01,
      0.92,
      0.92,
      1.0,
      0.95,
      0.87
    ],
    [
      -0.0,
      0.02,
      0.76,
      0.39,
      0.19,
      -0.2,
      0.17,
      0.86,
      0.87,
      0.95,
      1.0,
      0.84
    ],
    [
      -0.28,
      -0.24,
      0.93,
      0.68,
      -0.25,
      -0.16,
      -0.31,
      0.95,
      0.94,
      0.87,
      0.84,
      1.0
    ]
  ],
  "lookback": 50,
  "updated": "2026-05-04T21:33:44.775737"
}