{
  "pairs": [
    "EURUSD",
    "GBPUSD",
    "USDJPY",
    "USDCHF",
    "AUDUSD",
    "USDCAD",
    "NZDUSD",
    "EURJPY",
    "GBPJPY",
    "AUDJPY",
    "NZDJPY",
    "CADJPY"
  ],
  "matrix": [
    [
      1.0,
      0.93,
      -0.46,
      -0.89,
      0.82,
      -0.49,
      0.81,
      0.04,
      0.13,
      0.2,
      0.3,
      -0.28
    ],
    [
      0.93,
      1.0,
      -0.38,
      -0.88,
      0.8,
      -0.6,
      0.84,
      0.1,
      0.26,
      0.27,
      0.41,
      -0.15
    ],
    [
      -0.46,
      -0.38,
      1.0,
      0.58,
      -0.39,
      0.32,
      -0.47,
      0.87,
      0.79,
      0.68,
      0.56,
      0.91
    ],
    [
      -0.89,
      -0.88,
      0.58,
      1.0,
      -0.82,
      0.5,
      -0.83,
      0.15,
      0.02,
      -0.08,
      -0.2,
      0.4
    ],
    [
      0.82,
      0.8,
      -0.39,
      -0.82,
      1.0,
      -0.52,
      0.88,
      0.03,
      0.13,
      0.42,
      0.44,
      -0.19
    ],
    [
      -0.49,
      -0.6,
      0.32,
      0.5,
      -0.52,
      1.0,
      -0.54,
      0.08,
      -0.06,
      -0.09,
      -0.18,
      -0.09
    ],
    [
      0.81,
      0.84,
      -0.47,
      -0.83,
      0.88,
      -0.54,
      1.0,
      -0.07,
      0.06,
      0.24,
      0.47,
      -0.27
    ],
    [
      0.04,
      0.1,
      0.87,
      0.15,
      0.03,
      0.08,
      -0.07,
      1.0,
      0.97,
      0.88,
      0.8,
      0.87
    ],
    [
      0.13,
      0.26,
      0.79,
      0.02,
      0.13,
      -0.06,
      0.06,
      0.97,
      1.0,
      0.88,
      0.85,
      0.86
    ],
    [
      0.2,
      0.27,
      0.68,
      -0.08,
      0.42,
      -0.09,
      0.24,
      0.88,
      0.88,
      1.0,
      0.9,
      0.75
    ],
    [
      0.3,
      0.41,
      0.56,
      -0.2,
      0.44,
      -0.18,
      0.47,
      0.8,
      0.85,
      0.9,
      1.0,
      0.66
    ],
    [
      -0.28,
      -0.15,
      0.91,
      0.4,
      -0.19,
      -0.09,
      -0.27,
      0.87,
      0.86,
      0.75,
      0.66,
      1.0
    ]
  ],
  "lookback": 50,
  "updated": "2026-05-08T21:30:33.010916"
}