{
  "pairs": [
    "EURUSD",
    "GBPUSD",
    "USDJPY",
    "USDCHF",
    "AUDUSD",
    "USDCAD",
    "NZDUSD",
    "EURJPY",
    "GBPJPY",
    "AUDJPY",
    "NZDJPY",
    "CADJPY"
  ],
  "matrix": [
    [
      1.0,
      0.93,
      -0.75,
      -0.8,
      0.75,
      -0.64,
      0.82,
      0.47,
      0.57,
      0.49,
      0.6,
      -0.21
    ],
    [
      0.93,
      1.0,
      -0.78,
      -0.81,
      0.76,
      -0.69,
      0.8,
      0.33,
      0.63,
      0.48,
      0.55,
      -0.2
    ],
    [
      -0.75,
      -0.78,
      1.0,
      0.7,
      -0.69,
      0.66,
      -0.72,
      0.23,
      -0.01,
      -0.23,
      -0.28,
      0.51
    ],
    [
      -0.8,
      -0.81,
      0.7,
      1.0,
      -0.62,
      0.66,
      -0.69,
      -0.25,
      -0.44,
      -0.35,
      -0.46,
      0.12
    ],
    [
      0.75,
      0.76,
      -0.69,
      -0.62,
      1.0,
      -0.82,
      0.91,
      0.19,
      0.36,
      0.86,
      0.76,
      0.07
    ],
    [
      -0.64,
      -0.69,
      0.66,
      0.66,
      -0.82,
      1.0,
      -0.79,
      -0.06,
      -0.28,
      -0.65,
      -0.62,
      -0.31
    ],
    [
      0.82,
      0.8,
      -0.72,
      -0.69,
      0.91,
      -0.79,
      1.0,
      0.25,
      0.39,
      0.72,
      0.87,
      -0.01
    ],
    [
      0.47,
      0.33,
      0.23,
      -0.25,
      0.19,
      -0.06,
      0.25,
      1.0,
      0.82,
      0.42,
      0.51,
      0.36
    ],
    [
      0.57,
      0.63,
      -0.01,
      -0.44,
      0.36,
      -0.28,
      0.39,
      0.82,
      1.0,
      0.48,
      0.53,
      0.31
    ],
    [
      0.49,
      0.48,
      -0.23,
      -0.35,
      0.86,
      -0.65,
      0.72,
      0.42,
      0.48,
      1.0,
      0.83,
      0.45
    ],
    [
      0.6,
      0.55,
      -0.28,
      -0.46,
      0.76,
      -0.62,
      0.87,
      0.51,
      0.53,
      0.83,
      1.0,
      0.35
    ],
    [
      -0.21,
      -0.2,
      0.51,
      0.12,
      0.07,
      -0.31,
      -0.01,
      0.36,
      0.31,
      0.45,
      0.35,
      1.0
    ]
  ],
  "lookback": 50,
  "updated": "2026-04-16T09:52:37.439628"
}