{
  "pairs": [
    "EURUSD",
    "GBPUSD",
    "USDJPY",
    "USDCHF",
    "AUDUSD",
    "USDCAD",
    "NZDUSD",
    "EURJPY",
    "GBPJPY",
    "AUDJPY",
    "NZDJPY",
    "CADJPY"
  ],
  "matrix": [
    [
      1.0,
      0.71,
      -0.41,
      -0.87,
      0.84,
      -0.51,
      0.81,
      0.15,
      0.17,
      0.33,
      0.43,
      -0.21
    ],
    [
      0.71,
      1.0,
      -0.23,
      -0.81,
      0.81,
      -0.53,
      0.87,
      0.23,
      0.53,
      0.47,
      0.65,
      0.0
    ],
    [
      -0.41,
      -0.23,
      1.0,
      0.53,
      -0.4,
      0.34,
      -0.47,
      0.84,
      0.7,
      0.61,
      0.47,
      0.91
    ],
    [
      -0.87,
      -0.81,
      0.53,
      1.0,
      -0.85,
      0.54,
      -0.89,
      0.03,
      -0.13,
      -0.23,
      -0.39,
      0.32
    ],
    [
      0.84,
      0.81,
      -0.4,
      -0.85,
      1.0,
      -0.57,
      0.9,
      0.09,
      0.25,
      0.48,
      0.52,
      -0.17
    ],
    [
      -0.51,
      -0.53,
      0.34,
      0.54,
      -0.57,
      1.0,
      -0.55,
      0.05,
      -0.1,
      -0.16,
      -0.23,
      -0.09
    ],
    [
      0.81,
      0.87,
      -0.47,
      -0.89,
      0.9,
      -0.55,
      1.0,
      0.01,
      0.22,
      0.31,
      0.56,
      -0.25
    ],
    [
      0.15,
      0.23,
      0.84,
      0.03,
      0.09,
      0.05,
      0.01,
      1.0,
      0.9,
      0.88,
      0.8,
      0.86
    ],
    [
      0.17,
      0.53,
      0.7,
      -0.13,
      0.25,
      -0.1,
      0.22,
      0.9,
      1.0,
      0.88,
      0.88,
      0.79
    ],
    [
      0.33,
      0.47,
      0.61,
      -0.23,
      0.48,
      -0.16,
      0.31,
      0.88,
      0.88,
      1.0,
      0.89,
      0.72
    ],
    [
      0.43,
      0.65,
      0.47,
      -0.39,
      0.52,
      -0.23,
      0.56,
      0.8,
      0.88,
      0.89,
      1.0,
      0.61
    ],
    [
      -0.21,
      0.0,
      0.91,
      0.32,
      -0.17,
      -0.09,
      -0.25,
      0.86,
      0.79,
      0.72,
      0.61,
      1.0
    ]
  ],
  "lookback": 50,
  "updated": "2026-05-12T07:19:31.408298"
}