{
  "pairs": [
    "EURUSD",
    "GBPUSD",
    "USDJPY",
    "USDCHF",
    "AUDUSD",
    "USDCAD",
    "NZDUSD",
    "EURJPY",
    "GBPJPY",
    "AUDJPY",
    "NZDJPY",
    "CADJPY"
  ],
  "matrix": [
    [
      1.0,
      0.63,
      -0.7,
      -0.87,
      0.69,
      -0.48,
      0.71,
      0.63,
      0.38,
      0.43,
      0.49,
      -0.17
    ],
    [
      0.63,
      1.0,
      -0.45,
      -0.78,
      0.73,
      -0.4,
      0.78,
      0.52,
      0.91,
      0.6,
      0.68,
      -0.0
    ],
    [
      -0.7,
      -0.45,
      1.0,
      0.67,
      -0.53,
      0.33,
      -0.49,
      0.08,
      -0.05,
      -0.09,
      -0.1,
      0.56
    ],
    [
      -0.87,
      -0.78,
      0.67,
      1.0,
      -0.72,
      0.49,
      -0.79,
      -0.55,
      -0.56,
      -0.47,
      -0.6,
      0.12
    ],
    [
      0.69,
      0.73,
      -0.53,
      -0.72,
      1.0,
      -0.52,
      0.87,
      0.46,
      0.57,
      0.89,
      0.74,
      0.02
    ],
    [
      -0.48,
      -0.4,
      0.33,
      0.49,
      -0.52,
      1.0,
      -0.48,
      -0.31,
      -0.3,
      -0.42,
      -0.39,
      -0.59
    ],
    [
      0.71,
      0.78,
      -0.49,
      -0.79,
      0.87,
      -0.48,
      1.0,
      0.55,
      0.64,
      0.75,
      0.92,
      0.03
    ],
    [
      0.63,
      0.52,
      0.08,
      -0.55,
      0.46,
      -0.31,
      0.55,
      1.0,
      0.61,
      0.58,
      0.67,
      0.36
    ],
    [
      0.38,
      0.91,
      -0.05,
      -0.56,
      0.57,
      -0.3,
      0.64,
      0.61,
      1.0,
      0.63,
      0.71,
      0.25
    ],
    [
      0.43,
      0.6,
      -0.09,
      -0.47,
      0.89,
      -0.42,
      0.75,
      0.58,
      0.63,
      1.0,
      0.81,
      0.32
    ],
    [
      0.49,
      0.68,
      -0.1,
      -0.6,
      0.74,
      -0.39,
      0.92,
      0.67,
      0.71,
      0.81,
      1.0,
      0.28
    ],
    [
      -0.17,
      -0.0,
      0.56,
      0.12,
      0.02,
      -0.59,
      0.03,
      0.36,
      0.25,
      0.32,
      0.28,
      1.0
    ]
  ],
  "lookback": 50,
  "updated": "2026-05-15T10:27:35.682492"
}