{
  "pairs": [
    "EURUSD",
    "GBPUSD",
    "USDJPY",
    "USDCHF",
    "AUDUSD",
    "USDCAD",
    "NZDUSD",
    "EURJPY",
    "GBPJPY",
    "AUDJPY",
    "NZDJPY",
    "CADJPY"
  ],
  "matrix": [
    [
      1.0,
      0.88,
      -0.54,
      -0.73,
      0.78,
      -0.29,
      0.78,
      0.4,
      0.43,
      0.47,
      0.47,
      -0.18
    ],
    [
      0.88,
      1.0,
      -0.66,
      -0.77,
      0.84,
      -0.34,
      0.81,
      0.15,
      0.42,
      0.45,
      0.4,
      -0.24
    ],
    [
      -0.54,
      -0.66,
      1.0,
      0.66,
      -0.47,
      0.35,
      -0.54,
      0.56,
      0.4,
      0.21,
      0.19,
      0.51
    ],
    [
      -0.73,
      -0.77,
      0.66,
      1.0,
      -0.61,
      0.58,
      -0.7,
      0.01,
      -0.13,
      -0.19,
      -0.27,
      0.03
    ],
    [
      0.78,
      0.84,
      -0.47,
      -0.61,
      1.0,
      -0.28,
      0.85,
      0.25,
      0.45,
      0.77,
      0.61,
      -0.14
    ],
    [
      -0.29,
      -0.34,
      0.35,
      0.58,
      -0.28,
      1.0,
      -0.33,
      0.1,
      0.01,
      -0.05,
      -0.1,
      -0.62
    ],
    [
      0.78,
      0.81,
      -0.54,
      -0.7,
      0.85,
      -0.33,
      1.0,
      0.18,
      0.34,
      0.55,
      0.73,
      -0.14
    ],
    [
      0.4,
      0.15,
      0.56,
      0.01,
      0.25,
      0.1,
      0.18,
      1.0,
      0.86,
      0.69,
      0.67,
      0.38
    ],
    [
      0.43,
      0.42,
      0.4,
      -0.13,
      0.45,
      0.01,
      0.34,
      0.86,
      1.0,
      0.8,
      0.72,
      0.33
    ],
    [
      0.47,
      0.45,
      0.21,
      -0.19,
      0.77,
      -0.05,
      0.55,
      0.69,
      0.8,
      1.0,
      0.81,
      0.21
    ],
    [
      0.47,
      0.4,
      0.19,
      -0.27,
      0.61,
      -0.1,
      0.73,
      0.67,
      0.72,
      0.81,
      1.0,
      0.25
    ],
    [
      -0.18,
      -0.24,
      0.51,
      0.03,
      -0.14,
      -0.62,
      -0.14,
      0.38,
      0.33,
      0.21,
      0.25,
      1.0
    ]
  ],
  "lookback": 50,
  "updated": "2026-04-21T06:15:54.398984"
}