{
  "pairs": [
    "EURUSD",
    "GBPUSD",
    "USDJPY",
    "USDCHF",
    "AUDUSD",
    "USDCAD",
    "NZDUSD",
    "EURJPY",
    "GBPJPY",
    "AUDJPY",
    "NZDJPY",
    "CADJPY"
  ],
  "matrix": [
    [
      1.0,
      0.61,
      -0.71,
      -0.87,
      0.68,
      -0.49,
      0.7,
      0.61,
      0.32,
      0.42,
      0.46,
      -0.14
    ],
    [
      0.61,
      1.0,
      -0.39,
      -0.78,
      0.76,
      -0.48,
      0.82,
      0.55,
      0.9,
      0.72,
      0.76,
      0.15
    ],
    [
      -0.71,
      -0.39,
      1.0,
      0.66,
      -0.61,
      0.43,
      -0.53,
      0.09,
      0.05,
      -0.18,
      -0.11,
      0.46
    ],
    [
      -0.87,
      -0.78,
      0.66,
      1.0,
      -0.73,
      0.47,
      -0.82,
      -0.56,
      -0.53,
      -0.52,
      -0.62,
      0.1
    ],
    [
      0.68,
      0.76,
      -0.61,
      -0.73,
      1.0,
      -0.6,
      0.84,
      0.37,
      0.53,
      0.89,
      0.67,
      0.06
    ],
    [
      -0.49,
      -0.48,
      0.43,
      0.47,
      -0.6,
      1.0,
      -0.52,
      -0.23,
      -0.32,
      -0.49,
      -0.38,
      -0.6
    ],
    [
      0.7,
      0.82,
      -0.53,
      -0.82,
      0.84,
      -0.52,
      1.0,
      0.51,
      0.64,
      0.73,
      0.9,
      0.06
    ],
    [
      0.61,
      0.55,
      0.09,
      -0.56,
      0.37,
      -0.23,
      0.51,
      1.0,
      0.64,
      0.5,
      0.64,
      0.33
    ],
    [
      0.32,
      0.9,
      0.05,
      -0.53,
      0.53,
      -0.32,
      0.64,
      0.64,
      1.0,
      0.69,
      0.77,
      0.39
    ],
    [
      0.42,
      0.72,
      -0.18,
      -0.52,
      0.89,
      -0.49,
      0.73,
      0.5,
      0.69,
      1.0,
      0.76,
      0.34
    ],
    [
      0.46,
      0.76,
      -0.11,
      -0.62,
      0.67,
      -0.38,
      0.9,
      0.64,
      0.77,
      0.76,
      1.0,
      0.31
    ],
    [
      -0.14,
      0.15,
      0.46,
      0.1,
      0.06,
      -0.6,
      0.06,
      0.33,
      0.39,
      0.34,
      0.31,
      1.0
    ]
  ],
  "lookback": 50,
  "updated": "2026-05-14T15:56:46.078599"
}