{
  "pairs": [
    "EURUSD",
    "GBPUSD",
    "USDJPY",
    "USDCHF",
    "AUDUSD",
    "USDCAD",
    "NZDUSD",
    "EURJPY",
    "GBPJPY",
    "AUDJPY",
    "NZDJPY",
    "CADJPY"
  ],
  "matrix": [
    [
      1.0,
      0.87,
      -0.52,
      -0.74,
      0.79,
      -0.2,
      0.78,
      0.45,
      0.4,
      0.46,
      0.49,
      -0.23
    ],
    [
      0.87,
      1.0,
      -0.57,
      -0.77,
      0.86,
      -0.25,
      0.83,
      0.27,
      0.48,
      0.5,
      0.51,
      -0.22
    ],
    [
      -0.52,
      -0.57,
      1.0,
      0.6,
      -0.45,
      0.2,
      -0.49,
      0.52,
      0.45,
      0.27,
      0.2,
      0.59
    ],
    [
      -0.74,
      -0.77,
      0.6,
      1.0,
      -0.6,
      0.53,
      -0.64,
      -0.11,
      -0.2,
      -0.2,
      -0.26,
      0.02
    ],
    [
      0.79,
      0.86,
      -0.45,
      -0.6,
      1.0,
      -0.08,
      0.84,
      0.32,
      0.46,
      0.74,
      0.61,
      -0.28
    ],
    [
      -0.2,
      -0.25,
      0.2,
      0.53,
      -0.08,
      1.0,
      -0.2,
      0.01,
      -0.06,
      0.07,
      -0.08,
      -0.67
    ],
    [
      0.78,
      0.83,
      -0.49,
      -0.64,
      0.84,
      -0.2,
      1.0,
      0.26,
      0.38,
      0.53,
      0.75,
      -0.21
    ],
    [
      0.45,
      0.27,
      0.52,
      -0.11,
      0.32,
      0.01,
      0.26,
      1.0,
      0.86,
      0.73,
      0.69,
      0.39
    ],
    [
      0.4,
      0.48,
      0.45,
      -0.2,
      0.46,
      -0.06,
      0.38,
      0.86,
      1.0,
      0.83,
      0.77,
      0.39
    ],
    [
      0.46,
      0.5,
      0.27,
      -0.2,
      0.74,
      0.07,
      0.53,
      0.73,
      0.83,
      1.0,
      0.8,
      0.14
    ],
    [
      0.49,
      0.51,
      0.2,
      -0.26,
      0.61,
      -0.08,
      0.75,
      0.69,
      0.77,
      0.8,
      1.0,
      0.21
    ],
    [
      -0.23,
      -0.22,
      0.59,
      0.02,
      -0.28,
      -0.67,
      -0.21,
      0.39,
      0.39,
      0.14,
      0.21,
      1.0
    ]
  ],
  "lookback": 50,
  "updated": "2026-04-25T13:41:07.340534"
}