{
  "pairs": [
    "EURUSD",
    "GBPUSD",
    "USDJPY",
    "USDCHF",
    "AUDUSD",
    "USDCAD",
    "NZDUSD",
    "EURJPY",
    "GBPJPY",
    "AUDJPY",
    "NZDJPY",
    "CADJPY"
  ],
  "matrix": [
    [
      1.0,
      0.69,
      -0.41,
      -0.87,
      0.79,
      -0.59,
      0.78,
      0.14,
      0.15,
      0.29,
      0.38,
      -0.16
    ],
    [
      0.69,
      1.0,
      -0.24,
      -0.8,
      0.79,
      -0.6,
      0.84,
      0.2,
      0.52,
      0.45,
      0.6,
      0.03
    ],
    [
      -0.41,
      -0.24,
      1.0,
      0.53,
      -0.43,
      0.34,
      -0.48,
      0.84,
      0.7,
      0.62,
      0.49,
      0.9
    ],
    [
      -0.87,
      -0.8,
      0.53,
      1.0,
      -0.84,
      0.62,
      -0.88,
      0.03,
      -0.13,
      -0.21,
      -0.37,
      0.27
    ],
    [
      0.79,
      0.79,
      -0.43,
      -0.84,
      1.0,
      -0.67,
      0.88,
      0.03,
      0.21,
      0.44,
      0.46,
      -0.14
    ],
    [
      -0.59,
      -0.6,
      0.34,
      0.62,
      -0.67,
      1.0,
      -0.62,
      0.01,
      -0.15,
      -0.24,
      -0.29,
      -0.1
    ],
    [
      0.78,
      0.84,
      -0.48,
      -0.88,
      0.88,
      -0.62,
      1.0,
      -0.02,
      0.2,
      0.29,
      0.53,
      -0.22
    ],
    [
      0.14,
      0.2,
      0.84,
      0.03,
      0.03,
      0.01,
      -0.02,
      1.0,
      0.89,
      0.86,
      0.79,
      0.88
    ],
    [
      0.15,
      0.52,
      0.7,
      -0.13,
      0.21,
      -0.15,
      0.2,
      0.89,
      1.0,
      0.88,
      0.87,
      0.82
    ],
    [
      0.29,
      0.45,
      0.62,
      -0.21,
      0.44,
      -0.24,
      0.29,
      0.86,
      0.88,
      1.0,
      0.88,
      0.77
    ],
    [
      0.38,
      0.6,
      0.49,
      -0.37,
      0.46,
      -0.29,
      0.53,
      0.79,
      0.87,
      0.88,
      1.0,
      0.66
    ],
    [
      -0.16,
      0.03,
      0.9,
      0.27,
      -0.14,
      -0.1,
      -0.22,
      0.88,
      0.82,
      0.77,
      0.66,
      1.0
    ]
  ],
  "lookback": 50,
  "updated": "2026-05-13T07:31:25.472366"
}