{
  "pairs": [
    "EURUSD",
    "GBPUSD",
    "USDJPY",
    "USDCHF",
    "AUDUSD",
    "USDCAD",
    "NZDUSD",
    "EURJPY",
    "GBPJPY",
    "AUDJPY",
    "NZDJPY",
    "CADJPY"
  ],
  "matrix": [
    [
      1.0,
      0.63,
      -0.71,
      -0.87,
      0.69,
      -0.48,
      0.72,
      0.64,
      0.39,
      0.44,
      0.5,
      -0.17
    ],
    [
      0.63,
      1.0,
      -0.45,
      -0.78,
      0.73,
      -0.4,
      0.78,
      0.53,
      0.92,
      0.62,
      0.68,
      -0.0
    ],
    [
      -0.71,
      -0.45,
      1.0,
      0.67,
      -0.54,
      0.33,
      -0.49,
      0.07,
      -0.05,
      -0.1,
      -0.1,
      0.56
    ],
    [
      -0.87,
      -0.78,
      0.67,
      1.0,
      -0.72,
      0.49,
      -0.8,
      -0.57,
      -0.57,
      -0.48,
      -0.6,
      0.12
    ],
    [
      0.69,
      0.73,
      -0.54,
      -0.72,
      1.0,
      -0.52,
      0.87,
      0.46,
      0.57,
      0.89,
      0.74,
      0.02
    ],
    [
      -0.48,
      -0.4,
      0.33,
      0.49,
      -0.52,
      1.0,
      -0.48,
      -0.32,
      -0.3,
      -0.44,
      -0.39,
      -0.59
    ],
    [
      0.72,
      0.78,
      -0.49,
      -0.8,
      0.87,
      -0.48,
      1.0,
      0.56,
      0.64,
      0.76,
      0.92,
      0.03
    ],
    [
      0.64,
      0.53,
      0.07,
      -0.57,
      0.46,
      -0.32,
      0.56,
      1.0,
      0.62,
      0.58,
      0.67,
      0.36
    ],
    [
      0.39,
      0.92,
      -0.05,
      -0.57,
      0.57,
      -0.3,
      0.64,
      0.62,
      1.0,
      0.64,
      0.71,
      0.25
    ],
    [
      0.44,
      0.62,
      -0.1,
      -0.48,
      0.89,
      -0.44,
      0.76,
      0.58,
      0.64,
      1.0,
      0.82,
      0.31
    ],
    [
      0.5,
      0.68,
      -0.1,
      -0.6,
      0.74,
      -0.39,
      0.92,
      0.67,
      0.71,
      0.82,
      1.0,
      0.28
    ],
    [
      -0.17,
      -0.0,
      0.56,
      0.12,
      0.02,
      -0.59,
      0.03,
      0.36,
      0.25,
      0.31,
      0.28,
      1.0
    ]
  ],
  "lookback": 50,
  "updated": "2026-05-15T10:40:29.860323"
}