{
  "pairs": [
    "EURUSD",
    "GBPUSD",
    "USDJPY",
    "USDCHF",
    "AUDUSD",
    "USDCAD",
    "NZDUSD",
    "EURJPY",
    "GBPJPY",
    "AUDJPY",
    "NZDJPY",
    "CADJPY"
  ],
  "matrix": [
    [
      1.0,
      0.78,
      -0.53,
      -0.88,
      0.77,
      -0.54,
      0.83,
      0.6,
      0.62,
      0.64,
      0.7,
      -0.05
    ],
    [
      0.78,
      1.0,
      -0.53,
      -0.69,
      0.6,
      -0.27,
      0.66,
      0.37,
      0.87,
      0.44,
      0.51,
      -0.25
    ],
    [
      -0.53,
      -0.53,
      1.0,
      0.41,
      -0.54,
      0.31,
      -0.48,
      0.36,
      -0.04,
      -0.14,
      -0.1,
      0.66
    ],
    [
      -0.88,
      -0.69,
      0.41,
      1.0,
      -0.62,
      0.41,
      -0.7,
      -0.57,
      -0.57,
      -0.52,
      -0.61,
      0.04
    ],
    [
      0.77,
      0.6,
      -0.54,
      -0.62,
      1.0,
      -0.54,
      0.9,
      0.33,
      0.39,
      0.91,
      0.78,
      -0.06
    ],
    [
      -0.54,
      -0.27,
      0.31,
      0.41,
      -0.54,
      1.0,
      -0.49,
      -0.3,
      -0.14,
      -0.49,
      -0.41,
      -0.51
    ],
    [
      0.83,
      0.66,
      -0.48,
      -0.7,
      0.9,
      -0.49,
      1.0,
      0.44,
      0.49,
      0.81,
      0.92,
      -0.06
    ],
    [
      0.6,
      0.37,
      0.36,
      -0.57,
      0.33,
      -0.3,
      0.44,
      1.0,
      0.64,
      0.57,
      0.67,
      0.57
    ],
    [
      0.62,
      0.87,
      -0.04,
      -0.57,
      0.39,
      -0.14,
      0.49,
      0.64,
      1.0,
      0.43,
      0.54,
      0.09
    ],
    [
      0.64,
      0.44,
      -0.14,
      -0.52,
      0.91,
      -0.49,
      0.81,
      0.57,
      0.43,
      1.0,
      0.86,
      0.26
    ],
    [
      0.7,
      0.51,
      -0.1,
      -0.61,
      0.78,
      -0.41,
      0.92,
      0.67,
      0.54,
      0.86,
      1.0,
      0.23
    ],
    [
      -0.05,
      -0.25,
      0.66,
      0.04,
      -0.06,
      -0.51,
      -0.06,
      0.57,
      0.09,
      0.26,
      0.23,
      1.0
    ]
  ],
  "lookback": 50,
  "updated": "2026-05-22T15:26:29.139819"
}