{
  "pairs": [
    "EURUSD",
    "GBPUSD",
    "USDJPY",
    "USDCHF",
    "AUDUSD",
    "USDCAD",
    "NZDUSD",
    "EURJPY",
    "GBPJPY",
    "AUDJPY",
    "NZDJPY",
    "CADJPY"
  ],
  "matrix": [
    [
      1.0,
      0.83,
      -0.57,
      -0.82,
      0.78,
      -0.6,
      0.82,
      0.08,
      -0.0,
      0.22,
      0.32,
      -0.22
    ],
    [
      0.83,
      1.0,
      -0.43,
      -0.79,
      0.78,
      -0.6,
      0.81,
      0.12,
      0.27,
      0.35,
      0.44,
      -0.08
    ],
    [
      -0.57,
      -0.43,
      1.0,
      0.49,
      -0.46,
      0.27,
      -0.45,
      0.77,
      0.75,
      0.5,
      0.42,
      0.83
    ],
    [
      -0.82,
      -0.79,
      0.49,
      1.0,
      -0.68,
      0.59,
      -0.69,
      -0.04,
      -0.06,
      -0.19,
      -0.27,
      0.14
    ],
    [
      0.78,
      0.78,
      -0.46,
      -0.68,
      1.0,
      -0.54,
      0.91,
      0.05,
      0.08,
      0.54,
      0.52,
      -0.15
    ],
    [
      -0.6,
      -0.6,
      0.27,
      0.59,
      -0.54,
      1.0,
      -0.68,
      -0.14,
      -0.15,
      -0.27,
      -0.45,
      -0.31
    ],
    [
      0.82,
      0.81,
      -0.45,
      -0.69,
      0.91,
      -0.68,
      1.0,
      0.08,
      0.12,
      0.46,
      0.62,
      -0.06
    ],
    [
      0.08,
      0.12,
      0.77,
      -0.04,
      0.05,
      -0.14,
      0.08,
      1.0,
      0.91,
      0.78,
      0.77,
      0.84
    ],
    [
      -0.0,
      0.27,
      0.75,
      -0.06,
      0.08,
      -0.15,
      0.12,
      0.91,
      1.0,
      0.79,
      0.78,
      0.82
    ],
    [
      0.22,
      0.35,
      0.5,
      -0.19,
      0.54,
      -0.27,
      0.46,
      0.78,
      0.79,
      1.0,
      0.91,
      0.65
    ],
    [
      0.32,
      0.44,
      0.42,
      -0.27,
      0.52,
      -0.45,
      0.62,
      0.77,
      0.78,
      0.91,
      1.0,
      0.68
    ],
    [
      -0.22,
      -0.08,
      0.83,
      0.14,
      -0.15,
      -0.31,
      -0.06,
      0.84,
      0.82,
      0.65,
      0.68,
      1.0
    ]
  ],
  "lookback": 50,
  "updated": "2026-04-30T10:20:47.637340"
}