{
  "pairs": [
    "EURUSD",
    "GBPUSD",
    "USDJPY",
    "USDCHF",
    "AUDUSD",
    "USDCAD",
    "NZDUSD",
    "EURJPY",
    "GBPJPY",
    "AUDJPY",
    "NZDJPY",
    "CADJPY"
  ],
  "matrix": [
    [
      1.0,
      0.87,
      -0.49,
      -0.7,
      0.76,
      -0.71,
      0.76,
      -0.07,
      0.03,
      0.07,
      0.13,
      -0.01
    ],
    [
      0.87,
      1.0,
      -0.45,
      -0.69,
      0.74,
      -0.72,
      0.74,
      -0.02,
      0.06,
      0.15,
      0.21,
      0.05
    ],
    [
      -0.49,
      -0.45,
      1.0,
      0.8,
      -0.44,
      0.2,
      -0.53,
      0.13,
      0.01,
      0.01,
      -0.01,
      0.05
    ],
    [
      -0.7,
      -0.69,
      0.8,
      1.0,
      -0.66,
      0.46,
      -0.73,
      0.07,
      -0.06,
      -0.07,
      -0.12,
      -0.02
    ],
    [
      0.76,
      0.74,
      -0.44,
      -0.66,
      1.0,
      -0.6,
      0.93,
      -0.07,
      0.03,
      0.05,
      0.07,
      0.03
    ],
    [
      -0.71,
      -0.72,
      0.2,
      0.46,
      -0.6,
      1.0,
      -0.62,
      -0.02,
      -0.11,
      -0.1,
      -0.19,
      -0.12
    ],
    [
      0.76,
      0.74,
      -0.53,
      -0.73,
      0.93,
      -0.62,
      1.0,
      -0.06,
      0.06,
      0.09,
      0.1,
      0.05
    ],
    [
      -0.07,
      -0.02,
      0.13,
      0.07,
      -0.07,
      -0.02,
      -0.06,
      1.0,
      0.97,
      0.92,
      0.89,
      0.97
    ],
    [
      0.03,
      0.06,
      0.01,
      -0.06,
      0.03,
      -0.11,
      0.06,
      0.97,
      1.0,
      0.92,
      0.89,
      0.96
    ],
    [
      0.07,
      0.15,
      0.01,
      -0.07,
      0.05,
      -0.1,
      0.09,
      0.92,
      0.92,
      1.0,
      0.97,
      0.9
    ],
    [
      0.13,
      0.21,
      -0.01,
      -0.12,
      0.07,
      -0.19,
      0.1,
      0.89,
      0.89,
      0.97,
      1.0,
      0.88
    ],
    [
      -0.01,
      0.05,
      0.05,
      -0.02,
      0.03,
      -0.12,
      0.05,
      0.97,
      0.96,
      0.9,
      0.88,
      1.0
    ]
  ],
  "lookback": 50,
  "updated": "2026-05-02T09:00:01.723647"
}