{
  "pairs": [
    "EURUSD",
    "GBPUSD",
    "USDJPY",
    "USDCHF",
    "AUDUSD",
    "USDCAD",
    "NZDUSD",
    "EURJPY",
    "GBPJPY",
    "AUDJPY",
    "NZDJPY",
    "CADJPY"
  ],
  "matrix": [
    [
      1.0,
      0.55,
      -0.64,
      -0.82,
      0.61,
      -0.37,
      0.65,
      0.64,
      0.35,
      0.38,
      0.44,
      -0.16
    ],
    [
      0.55,
      1.0,
      -0.36,
      -0.71,
      0.67,
      -0.28,
      0.73,
      0.49,
      0.94,
      0.57,
      0.63,
      -0.01
    ],
    [
      -0.64,
      -0.36,
      1.0,
      0.56,
      -0.42,
      0.22,
      -0.34,
      0.14,
      -0.01,
      0.0,
      0.04,
      0.56
    ],
    [
      -0.82,
      -0.71,
      0.56,
      1.0,
      -0.65,
      0.39,
      -0.74,
      -0.58,
      -0.55,
      -0.45,
      -0.56,
      0.06
    ],
    [
      0.61,
      0.67,
      -0.42,
      -0.65,
      1.0,
      -0.44,
      0.85,
      0.45,
      0.56,
      0.91,
      0.74,
      0.08
    ],
    [
      -0.37,
      -0.28,
      0.22,
      0.39,
      -0.44,
      1.0,
      -0.42,
      -0.25,
      -0.21,
      -0.37,
      -0.35,
      -0.68
    ],
    [
      0.65,
      0.73,
      -0.34,
      -0.74,
      0.85,
      -0.42,
      1.0,
      0.58,
      0.65,
      0.77,
      0.93,
      0.12
    ],
    [
      0.64,
      0.49,
      0.14,
      -0.58,
      0.45,
      -0.25,
      0.58,
      1.0,
      0.57,
      0.56,
      0.68,
      0.34
    ],
    [
      0.35,
      0.94,
      -0.01,
      -0.55,
      0.56,
      -0.21,
      0.65,
      0.57,
      1.0,
      0.6,
      0.69,
      0.2
    ],
    [
      0.38,
      0.57,
      0.0,
      -0.45,
      0.91,
      -0.37,
      0.77,
      0.56,
      0.6,
      1.0,
      0.82,
      0.33
    ],
    [
      0.44,
      0.63,
      0.04,
      -0.56,
      0.74,
      -0.35,
      0.93,
      0.68,
      0.69,
      0.82,
      1.0,
      0.34
    ],
    [
      -0.16,
      -0.01,
      0.56,
      0.06,
      0.08,
      -0.68,
      0.12,
      0.34,
      0.2,
      0.33,
      0.34,
      1.0
    ]
  ],
  "lookback": 50,
  "updated": "2026-05-16T04:05:48.840902"
}