{
  "pairs": [
    "EURUSD",
    "GBPUSD",
    "USDJPY",
    "USDCHF",
    "AUDUSD",
    "USDCAD",
    "NZDUSD",
    "EURJPY",
    "GBPJPY",
    "AUDJPY",
    "NZDJPY",
    "CADJPY"
  ],
  "matrix": [
    [
      1.0,
      0.76,
      -0.48,
      -0.78,
      0.78,
      -0.63,
      0.73,
      0.37,
      0.15,
      0.38,
      0.38,
      0.05
    ],
    [
      0.76,
      1.0,
      -0.29,
      -0.76,
      0.74,
      -0.6,
      0.69,
      0.36,
      0.5,
      0.49,
      0.46,
      0.19
    ],
    [
      -0.48,
      -0.29,
      1.0,
      0.31,
      -0.35,
      0.25,
      -0.26,
      0.64,
      0.68,
      0.44,
      0.41,
      0.69
    ],
    [
      -0.78,
      -0.76,
      0.31,
      1.0,
      -0.64,
      0.69,
      -0.59,
      -0.36,
      -0.31,
      -0.38,
      -0.35,
      -0.25
    ],
    [
      0.78,
      0.74,
      -0.35,
      -0.64,
      1.0,
      -0.53,
      0.81,
      0.31,
      0.25,
      0.69,
      0.54,
      0.08
    ],
    [
      -0.63,
      -0.6,
      0.25,
      0.69,
      -0.53,
      1.0,
      -0.6,
      -0.28,
      -0.23,
      -0.31,
      -0.4,
      -0.53
    ],
    [
      0.73,
      0.69,
      -0.26,
      -0.59,
      0.81,
      -0.6,
      1.0,
      0.37,
      0.3,
      0.58,
      0.78,
      0.23
    ],
    [
      0.37,
      0.36,
      0.64,
      -0.36,
      0.31,
      -0.28,
      0.37,
      1.0,
      0.85,
      0.8,
      0.76,
      0.77
    ],
    [
      0.15,
      0.5,
      0.68,
      -0.31,
      0.25,
      -0.23,
      0.3,
      0.85,
      1.0,
      0.77,
      0.72,
      0.77
    ],
    [
      0.38,
      0.49,
      0.44,
      -0.38,
      0.69,
      -0.31,
      0.58,
      0.8,
      0.77,
      1.0,
      0.83,
      0.61
    ],
    [
      0.38,
      0.46,
      0.41,
      -0.35,
      0.54,
      -0.4,
      0.78,
      0.76,
      0.72,
      0.83,
      1.0,
      0.66
    ],
    [
      0.05,
      0.19,
      0.69,
      -0.25,
      0.08,
      -0.53,
      0.23,
      0.77,
      0.77,
      0.61,
      0.66,
      1.0
    ]
  ],
  "lookback": 50,
  "updated": "2026-04-28T04:09:37.096430"
}