{
  "pairs": [
    "EURUSD",
    "GBPUSD",
    "USDJPY",
    "USDCHF",
    "AUDUSD",
    "USDCAD",
    "NZDUSD",
    "EURJPY",
    "GBPJPY",
    "AUDJPY",
    "NZDJPY",
    "CADJPY"
  ],
  "matrix": [
    [
      1.0,
      0.59,
      -0.59,
      -0.82,
      0.66,
      -0.61,
      0.72,
      0.54,
      0.39,
      0.48,
      0.55,
      -0.01
    ],
    [
      0.59,
      1.0,
      -0.29,
      -0.71,
      0.63,
      -0.39,
      0.71,
      0.49,
      0.93,
      0.58,
      0.65,
      0.1
    ],
    [
      -0.59,
      -0.29,
      1.0,
      0.49,
      -0.51,
      0.42,
      -0.41,
      0.33,
      0.08,
      -0.11,
      -0.04,
      0.6
    ],
    [
      -0.82,
      -0.71,
      0.49,
      1.0,
      -0.63,
      0.63,
      -0.73,
      -0.51,
      -0.56,
      -0.49,
      -0.6,
      -0.1
    ],
    [
      0.66,
      0.63,
      -0.51,
      -0.63,
      1.0,
      -0.61,
      0.88,
      0.31,
      0.46,
      0.91,
      0.76,
      0.06
    ],
    [
      -0.61,
      -0.39,
      0.42,
      0.63,
      -0.61,
      1.0,
      -0.55,
      -0.28,
      -0.25,
      -0.51,
      -0.43,
      -0.48
    ],
    [
      0.72,
      0.71,
      -0.41,
      -0.73,
      0.88,
      -0.55,
      1.0,
      0.49,
      0.57,
      0.82,
      0.93,
      0.11
    ],
    [
      0.54,
      0.49,
      0.33,
      -0.51,
      0.31,
      -0.28,
      0.49,
      1.0,
      0.64,
      0.51,
      0.68,
      0.59
    ],
    [
      0.39,
      0.93,
      0.08,
      -0.56,
      0.46,
      -0.25,
      0.57,
      0.64,
      1.0,
      0.56,
      0.66,
      0.33
    ],
    [
      0.48,
      0.58,
      -0.11,
      -0.49,
      0.91,
      -0.51,
      0.82,
      0.51,
      0.56,
      1.0,
      0.85,
      0.36
    ],
    [
      0.55,
      0.65,
      -0.04,
      -0.6,
      0.76,
      -0.43,
      0.93,
      0.68,
      0.66,
      0.85,
      1.0,
      0.36
    ],
    [
      -0.01,
      0.1,
      0.6,
      -0.1,
      0.06,
      -0.48,
      0.11,
      0.59,
      0.33,
      0.36,
      0.36,
      1.0
    ]
  ],
  "lookback": 50,
  "updated": "2026-05-18T21:41:10.902863"
}