{
  "pairs": [
    "EURUSD",
    "GBPUSD",
    "USDJPY",
    "USDCHF",
    "AUDUSD",
    "USDCAD",
    "NZDUSD",
    "EURJPY",
    "GBPJPY",
    "AUDJPY",
    "NZDJPY",
    "CADJPY"
  ],
  "matrix": [
    [
      1.0,
      0.84,
      -0.47,
      -0.72,
      0.81,
      -0.65,
      0.81,
      -0.15,
      -0.15,
      -0.02,
      0.06,
      -0.24
    ],
    [
      0.84,
      1.0,
      -0.45,
      -0.71,
      0.81,
      -0.68,
      0.81,
      -0.18,
      -0.04,
      0.01,
      0.09,
      -0.2
    ],
    [
      -0.47,
      -0.45,
      1.0,
      0.78,
      -0.47,
      0.16,
      -0.57,
      0.94,
      0.91,
      0.82,
      0.77,
      0.93
    ],
    [
      -0.72,
      -0.71,
      0.78,
      1.0,
      -0.66,
      0.44,
      -0.73,
      0.61,
      0.55,
      0.46,
      0.38,
      0.62
    ],
    [
      0.81,
      0.81,
      -0.47,
      -0.66,
      1.0,
      -0.58,
      0.92,
      -0.22,
      -0.15,
      0.11,
      0.15,
      -0.26
    ],
    [
      -0.65,
      -0.68,
      0.16,
      0.44,
      -0.58,
      1.0,
      -0.64,
      -0.07,
      -0.13,
      -0.19,
      -0.3,
      -0.2
    ],
    [
      0.81,
      0.81,
      -0.57,
      -0.73,
      0.92,
      -0.64,
      1.0,
      -0.33,
      -0.26,
      -0.05,
      0.09,
      -0.33
    ],
    [
      -0.15,
      -0.18,
      0.94,
      0.61,
      -0.22,
      -0.07,
      -0.33,
      1.0,
      0.97,
      0.92,
      0.88,
      0.96
    ],
    [
      -0.15,
      -0.04,
      0.91,
      0.55,
      -0.15,
      -0.13,
      -0.26,
      0.97,
      1.0,
      0.93,
      0.9,
      0.95
    ],
    [
      -0.02,
      0.01,
      0.82,
      0.46,
      0.11,
      -0.19,
      -0.05,
      0.92,
      0.93,
      1.0,
      0.96,
      0.89
    ],
    [
      0.06,
      0.09,
      0.77,
      0.38,
      0.15,
      -0.3,
      0.09,
      0.88,
      0.9,
      0.96,
      1.0,
      0.87
    ],
    [
      -0.24,
      -0.2,
      0.93,
      0.62,
      -0.26,
      -0.2,
      -0.33,
      0.96,
      0.95,
      0.89,
      0.87,
      1.0
    ]
  ],
  "lookback": 50,
  "updated": "2026-04-30T17:48:03.639875"
}