{
  "pairs": [
    "EURUSD",
    "GBPUSD",
    "USDJPY",
    "USDCHF",
    "AUDUSD",
    "USDCAD",
    "NZDUSD",
    "EURJPY",
    "GBPJPY",
    "AUDJPY",
    "NZDJPY",
    "CADJPY"
  ],
  "matrix": [
    [
      1.0,
      0.9,
      -0.66,
      -0.76,
      0.77,
      -0.66,
      0.81,
      0.45,
      0.45,
      0.55,
      0.59,
      -0.06
    ],
    [
      0.9,
      1.0,
      -0.69,
      -0.78,
      0.8,
      -0.73,
      0.79,
      0.29,
      0.55,
      0.57,
      0.54,
      -0.02
    ],
    [
      -0.66,
      -0.69,
      1.0,
      0.64,
      -0.64,
      0.62,
      -0.66,
      0.37,
      0.22,
      -0.17,
      -0.14,
      0.5
    ],
    [
      -0.76,
      -0.78,
      0.64,
      1.0,
      -0.63,
      0.69,
      -0.71,
      -0.18,
      -0.31,
      -0.39,
      -0.47,
      -0.01
    ],
    [
      0.77,
      0.8,
      -0.64,
      -0.63,
      1.0,
      -0.75,
      0.91,
      0.18,
      0.33,
      0.86,
      0.73,
      0.06
    ],
    [
      -0.66,
      -0.73,
      0.62,
      0.69,
      -0.75,
      1.0,
      -0.76,
      -0.07,
      -0.26,
      -0.56,
      -0.54,
      -0.36
    ],
    [
      0.81,
      0.79,
      -0.66,
      -0.71,
      0.91,
      -0.76,
      1.0,
      0.22,
      0.3,
      0.74,
      0.84,
      0.05
    ],
    [
      0.45,
      0.29,
      0.37,
      -0.18,
      0.18,
      -0.07,
      0.22,
      1.0,
      0.83,
      0.48,
      0.56,
      0.53
    ],
    [
      0.45,
      0.55,
      0.22,
      -0.31,
      0.33,
      -0.26,
      0.3,
      0.83,
      1.0,
      0.57,
      0.55,
      0.55
    ],
    [
      0.55,
      0.57,
      -0.17,
      -0.39,
      0.86,
      -0.56,
      0.74,
      0.48,
      0.57,
      1.0,
      0.85,
      0.41
    ],
    [
      0.59,
      0.54,
      -0.14,
      -0.47,
      0.73,
      -0.54,
      0.84,
      0.56,
      0.55,
      0.85,
      1.0,
      0.43
    ],
    [
      -0.06,
      -0.02,
      0.5,
      -0.01,
      0.06,
      -0.36,
      0.05,
      0.53,
      0.55,
      0.41,
      0.43,
      1.0
    ]
  ],
  "lookback": 50,
  "updated": "2026-04-17T09:50:33.892976"
}