{
  "pairs": [
    "EURUSD",
    "GBPUSD",
    "USDJPY",
    "USDCHF",
    "AUDUSD",
    "USDCAD",
    "NZDUSD",
    "EURJPY",
    "GBPJPY",
    "AUDJPY",
    "NZDJPY",
    "CADJPY"
  ],
  "matrix": [
    [
      1.0,
      0.63,
      -0.7,
      -0.87,
      0.69,
      -0.47,
      0.71,
      0.63,
      0.39,
      0.43,
      0.49,
      -0.17
    ],
    [
      0.63,
      1.0,
      -0.44,
      -0.77,
      0.72,
      -0.39,
      0.77,
      0.52,
      0.92,
      0.6,
      0.67,
      -0.0
    ],
    [
      -0.7,
      -0.44,
      1.0,
      0.67,
      -0.53,
      0.32,
      -0.48,
      0.07,
      -0.05,
      -0.09,
      -0.09,
      0.56
    ],
    [
      -0.87,
      -0.77,
      0.67,
      1.0,
      -0.71,
      0.48,
      -0.79,
      -0.56,
      -0.56,
      -0.48,
      -0.6,
      0.12
    ],
    [
      0.69,
      0.72,
      -0.53,
      -0.71,
      1.0,
      -0.52,
      0.87,
      0.46,
      0.56,
      0.89,
      0.74,
      0.02
    ],
    [
      -0.47,
      -0.39,
      0.32,
      0.48,
      -0.52,
      1.0,
      -0.47,
      -0.32,
      -0.29,
      -0.43,
      -0.39,
      -0.6
    ],
    [
      0.71,
      0.77,
      -0.48,
      -0.79,
      0.87,
      -0.47,
      1.0,
      0.56,
      0.64,
      0.76,
      0.92,
      0.03
    ],
    [
      0.63,
      0.52,
      0.07,
      -0.56,
      0.46,
      -0.32,
      0.56,
      1.0,
      0.61,
      0.58,
      0.67,
      0.36
    ],
    [
      0.39,
      0.92,
      -0.05,
      -0.56,
      0.56,
      -0.29,
      0.64,
      0.61,
      1.0,
      0.63,
      0.7,
      0.25
    ],
    [
      0.43,
      0.6,
      -0.09,
      -0.48,
      0.89,
      -0.43,
      0.76,
      0.58,
      0.63,
      1.0,
      0.82,
      0.31
    ],
    [
      0.49,
      0.67,
      -0.09,
      -0.6,
      0.74,
      -0.39,
      0.92,
      0.67,
      0.7,
      0.82,
      1.0,
      0.28
    ],
    [
      -0.17,
      -0.0,
      0.56,
      0.12,
      0.02,
      -0.6,
      0.03,
      0.36,
      0.25,
      0.31,
      0.28,
      1.0
    ]
  ],
  "lookback": 50,
  "updated": "2026-05-15T11:34:13.736915"
}