{
  "pairs": [
    "EURUSD",
    "GBPUSD",
    "USDJPY",
    "USDCHF",
    "AUDUSD",
    "USDCAD",
    "NZDUSD",
    "EURJPY",
    "GBPJPY",
    "AUDJPY",
    "NZDJPY",
    "CADJPY"
  ],
  "matrix": [
    [
      1.0,
      0.62,
      -0.72,
      -0.87,
      0.68,
      -0.47,
      0.71,
      0.62,
      0.36,
      0.42,
      0.47,
      -0.18
    ],
    [
      0.62,
      1.0,
      -0.43,
      -0.78,
      0.77,
      -0.43,
      0.81,
      0.55,
      0.91,
      0.7,
      0.74,
      0.06
    ],
    [
      -0.72,
      -0.43,
      1.0,
      0.67,
      -0.6,
      0.37,
      -0.53,
      0.06,
      -0.02,
      -0.15,
      -0.12,
      0.52
    ],
    [
      -0.87,
      -0.78,
      0.67,
      1.0,
      -0.74,
      0.47,
      -0.82,
      -0.57,
      -0.55,
      -0.52,
      -0.63,
      0.13
    ],
    [
      0.68,
      0.77,
      -0.6,
      -0.74,
      1.0,
      -0.55,
      0.85,
      0.41,
      0.58,
      0.88,
      0.69,
      0.0
    ],
    [
      -0.47,
      -0.43,
      0.37,
      0.47,
      -0.55,
      1.0,
      -0.5,
      -0.28,
      -0.31,
      -0.45,
      -0.39,
      -0.6
    ],
    [
      0.71,
      0.81,
      -0.53,
      -0.82,
      0.85,
      -0.5,
      1.0,
      0.53,
      0.65,
      0.73,
      0.9,
      0.02
    ],
    [
      0.62,
      0.55,
      0.06,
      -0.57,
      0.41,
      -0.28,
      0.53,
      1.0,
      0.63,
      0.53,
      0.65,
      0.33
    ],
    [
      0.36,
      0.91,
      -0.02,
      -0.55,
      0.58,
      -0.31,
      0.65,
      0.63,
      1.0,
      0.71,
      0.76,
      0.3
    ],
    [
      0.42,
      0.7,
      -0.15,
      -0.52,
      0.88,
      -0.45,
      0.73,
      0.53,
      0.71,
      1.0,
      0.78,
      0.3
    ],
    [
      0.47,
      0.74,
      -0.12,
      -0.63,
      0.69,
      -0.39,
      0.9,
      0.65,
      0.76,
      0.78,
      1.0,
      0.28
    ],
    [
      -0.18,
      0.06,
      0.52,
      0.13,
      0.0,
      -0.6,
      0.02,
      0.33,
      0.3,
      0.3,
      0.28,
      1.0
    ]
  ],
  "lookback": 50,
  "updated": "2026-05-14T17:03:03.573221"
}