{
  "pairs": [
    "EURUSD",
    "GBPUSD",
    "USDJPY",
    "USDCHF",
    "AUDUSD",
    "USDCAD",
    "NZDUSD",
    "EURJPY",
    "GBPJPY",
    "AUDJPY",
    "NZDJPY",
    "CADJPY"
  ],
  "matrix": [
    [
      1.0,
      0.94,
      -0.48,
      -0.75,
      0.83,
      -0.64,
      0.81,
      -0.19,
      -0.09,
      -0.01,
      0.07,
      -0.31
    ],
    [
      0.94,
      1.0,
      -0.43,
      -0.75,
      0.81,
      -0.74,
      0.81,
      -0.16,
      -0.01,
      0.03,
      0.12,
      -0.23
    ],
    [
      -0.48,
      -0.43,
      1.0,
      0.83,
      -0.44,
      0.27,
      -0.54,
      0.95,
      0.91,
      0.83,
      0.76,
      0.96
    ],
    [
      -0.75,
      -0.75,
      0.83,
      1.0,
      -0.71,
      0.44,
      -0.76,
      0.66,
      0.57,
      0.47,
      0.38,
      0.72
    ],
    [
      0.83,
      0.81,
      -0.44,
      -0.71,
      1.0,
      -0.56,
      0.9,
      -0.2,
      -0.11,
      0.14,
      0.18,
      -0.29
    ],
    [
      -0.64,
      -0.74,
      0.27,
      0.44,
      -0.56,
      1.0,
      -0.53,
      0.08,
      -0.05,
      -0.05,
      -0.1,
      -0.02
    ],
    [
      0.81,
      0.81,
      -0.54,
      -0.76,
      0.9,
      -0.53,
      1.0,
      -0.32,
      -0.22,
      -0.03,
      0.14,
      -0.4
    ],
    [
      -0.19,
      -0.16,
      0.95,
      0.66,
      -0.2,
      0.08,
      -0.32,
      1.0,
      0.98,
      0.92,
      0.87,
      0.96
    ],
    [
      -0.09,
      -0.01,
      0.91,
      0.57,
      -0.11,
      -0.05,
      -0.22,
      0.98,
      1.0,
      0.93,
      0.9,
      0.96
    ],
    [
      -0.01,
      0.03,
      0.83,
      0.47,
      0.14,
      -0.05,
      -0.03,
      0.92,
      0.93,
      1.0,
      0.95,
      0.88
    ],
    [
      0.07,
      0.12,
      0.76,
      0.38,
      0.18,
      -0.1,
      0.14,
      0.87,
      0.9,
      0.95,
      1.0,
      0.82
    ],
    [
      -0.31,
      -0.23,
      0.96,
      0.72,
      -0.29,
      -0.02,
      -0.4,
      0.96,
      0.96,
      0.88,
      0.82,
      1.0
    ]
  ],
  "lookback": 50,
  "updated": "2026-05-06T21:34:29.328300"
}