{
  "pairs": [
    "EURUSD",
    "GBPUSD",
    "USDJPY",
    "USDCHF",
    "AUDUSD",
    "USDCAD",
    "NZDUSD",
    "EURJPY",
    "GBPJPY",
    "AUDJPY",
    "NZDJPY",
    "CADJPY"
  ],
  "matrix": [
    [
      1.0,
      0.71,
      -0.41,
      -0.87,
      0.84,
      -0.48,
      0.8,
      0.13,
      0.15,
      0.33,
      0.41,
      -0.22
    ],
    [
      0.71,
      1.0,
      -0.25,
      -0.82,
      0.8,
      -0.53,
      0.86,
      0.21,
      0.49,
      0.45,
      0.62,
      -0.02
    ],
    [
      -0.41,
      -0.25,
      1.0,
      0.53,
      -0.42,
      0.32,
      -0.48,
      0.84,
      0.72,
      0.62,
      0.48,
      0.91
    ],
    [
      -0.87,
      -0.82,
      0.53,
      1.0,
      -0.86,
      0.49,
      -0.86,
      0.05,
      -0.11,
      -0.22,
      -0.35,
      0.33
    ],
    [
      0.84,
      0.8,
      -0.42,
      -0.86,
      1.0,
      -0.53,
      0.88,
      0.07,
      0.21,
      0.46,
      0.48,
      -0.19
    ],
    [
      -0.48,
      -0.53,
      0.32,
      0.49,
      -0.53,
      1.0,
      -0.55,
      0.06,
      -0.1,
      -0.15,
      -0.24,
      -0.11
    ],
    [
      0.8,
      0.86,
      -0.48,
      -0.86,
      0.88,
      -0.55,
      1.0,
      -0.02,
      0.19,
      0.29,
      0.54,
      -0.25
    ],
    [
      0.13,
      0.21,
      0.84,
      0.05,
      0.07,
      0.06,
      -0.02,
      1.0,
      0.91,
      0.88,
      0.79,
      0.86
    ],
    [
      0.15,
      0.49,
      0.72,
      -0.11,
      0.21,
      -0.1,
      0.19,
      0.91,
      1.0,
      0.88,
      0.88,
      0.8
    ],
    [
      0.33,
      0.45,
      0.62,
      -0.22,
      0.46,
      -0.15,
      0.29,
      0.88,
      0.88,
      1.0,
      0.88,
      0.72
    ],
    [
      0.41,
      0.62,
      0.48,
      -0.35,
      0.48,
      -0.24,
      0.54,
      0.79,
      0.88,
      0.88,
      1.0,
      0.61
    ],
    [
      -0.22,
      -0.02,
      0.91,
      0.33,
      -0.19,
      -0.11,
      -0.25,
      0.86,
      0.8,
      0.72,
      0.61,
      1.0
    ]
  ],
  "lookback": 50,
  "updated": "2026-05-11T21:44:54.016874"
}