{
  "pairs": [
    "EURUSD",
    "GBPUSD",
    "USDJPY",
    "USDCHF",
    "AUDUSD",
    "USDCAD",
    "NZDUSD",
    "EURJPY",
    "GBPJPY",
    "AUDJPY",
    "NZDJPY",
    "CADJPY"
  ],
  "matrix": [
    [
      1.0,
      0.87,
      -0.56,
      -0.78,
      0.81,
      -0.25,
      0.8,
      0.39,
      0.32,
      0.49,
      0.48,
      -0.23
    ],
    [
      0.87,
      1.0,
      -0.6,
      -0.8,
      0.87,
      -0.28,
      0.84,
      0.21,
      0.41,
      0.52,
      0.48,
      -0.23
    ],
    [
      -0.56,
      -0.6,
      1.0,
      0.64,
      -0.49,
      0.26,
      -0.52,
      0.55,
      0.48,
      0.21,
      0.2,
      0.57
    ],
    [
      -0.78,
      -0.8,
      0.64,
      1.0,
      -0.62,
      0.53,
      -0.67,
      -0.07,
      -0.15,
      -0.21,
      -0.26,
      0.06
    ],
    [
      0.81,
      0.87,
      -0.49,
      -0.62,
      1.0,
      -0.18,
      0.85,
      0.28,
      0.4,
      0.75,
      0.59,
      -0.23
    ],
    [
      -0.25,
      -0.28,
      0.26,
      0.53,
      -0.18,
      1.0,
      -0.27,
      0.03,
      -0.02,
      -0.01,
      -0.1,
      -0.65
    ],
    [
      0.8,
      0.84,
      -0.52,
      -0.67,
      0.85,
      -0.27,
      1.0,
      0.23,
      0.33,
      0.55,
      0.74,
      -0.19
    ],
    [
      0.39,
      0.21,
      0.55,
      -0.07,
      0.28,
      0.03,
      0.23,
      1.0,
      0.85,
      0.72,
      0.7,
      0.4
    ],
    [
      0.32,
      0.41,
      0.48,
      -0.15,
      0.4,
      -0.02,
      0.33,
      0.85,
      1.0,
      0.81,
      0.75,
      0.39
    ],
    [
      0.49,
      0.52,
      0.21,
      -0.21,
      0.75,
      -0.01,
      0.55,
      0.72,
      0.81,
      1.0,
      0.8,
      0.17
    ],
    [
      0.48,
      0.48,
      0.2,
      -0.26,
      0.59,
      -0.1,
      0.74,
      0.7,
      0.75,
      0.8,
      1.0,
      0.24
    ],
    [
      -0.23,
      -0.23,
      0.57,
      0.06,
      -0.23,
      -0.65,
      -0.19,
      0.4,
      0.39,
      0.17,
      0.24,
      1.0
    ]
  ],
  "lookback": 50,
  "updated": "2026-04-23T17:49:59.204399"
}