{
  "pairs": [
    "EURUSD",
    "GBPUSD",
    "USDJPY",
    "USDCHF",
    "AUDUSD",
    "USDCAD",
    "NZDUSD",
    "EURJPY",
    "GBPJPY",
    "AUDJPY",
    "NZDJPY",
    "CADJPY"
  ],
  "matrix": [
    [
      1.0,
      0.7,
      -0.48,
      -0.85,
      0.68,
      -0.57,
      0.77,
      0.57,
      0.55,
      0.55,
      0.64,
      -0.02
    ],
    [
      0.7,
      1.0,
      -0.46,
      -0.66,
      0.59,
      -0.3,
      0.64,
      0.3,
      0.89,
      0.45,
      0.51,
      -0.21
    ],
    [
      -0.48,
      -0.46,
      1.0,
      0.38,
      -0.52,
      0.35,
      -0.46,
      0.45,
      0.0,
      -0.1,
      -0.06,
      0.69
    ],
    [
      -0.85,
      -0.66,
      0.38,
      1.0,
      -0.58,
      0.52,
      -0.66,
      -0.52,
      -0.55,
      -0.49,
      -0.57,
      -0.04
    ],
    [
      0.68,
      0.59,
      -0.52,
      -0.58,
      1.0,
      -0.61,
      0.88,
      0.21,
      0.39,
      0.9,
      0.75,
      -0.03
    ],
    [
      -0.57,
      -0.3,
      0.35,
      0.52,
      -0.61,
      1.0,
      -0.57,
      -0.24,
      -0.15,
      -0.54,
      -0.47,
      -0.43
    ],
    [
      0.77,
      0.64,
      -0.46,
      -0.66,
      0.88,
      -0.57,
      1.0,
      0.35,
      0.48,
      0.78,
      0.91,
      -0.01
    ],
    [
      0.57,
      0.3,
      0.45,
      -0.52,
      0.21,
      -0.24,
      0.35,
      1.0,
      0.57,
      0.46,
      0.6,
      0.62
    ],
    [
      0.55,
      0.89,
      0.0,
      -0.55,
      0.39,
      -0.15,
      0.48,
      0.57,
      1.0,
      0.46,
      0.55,
      0.13
    ],
    [
      0.55,
      0.45,
      -0.1,
      -0.49,
      0.9,
      -0.54,
      0.78,
      0.46,
      0.46,
      1.0,
      0.83,
      0.32
    ],
    [
      0.64,
      0.51,
      -0.06,
      -0.57,
      0.75,
      -0.47,
      0.91,
      0.6,
      0.55,
      0.83,
      1.0,
      0.31
    ],
    [
      -0.02,
      -0.21,
      0.69,
      -0.04,
      -0.03,
      -0.43,
      -0.01,
      0.62,
      0.13,
      0.32,
      0.31,
      1.0
    ]
  ],
  "lookback": 50,
  "updated": "2026-05-20T04:40:12.750773"
}