{
  "pairs": [
    "EURUSD",
    "GBPUSD",
    "USDJPY",
    "USDCHF",
    "AUDUSD",
    "USDCAD",
    "NZDUSD",
    "EURJPY",
    "GBPJPY",
    "AUDJPY",
    "NZDJPY",
    "CADJPY"
  ],
  "matrix": [
    [
      1.0,
      0.92,
      -0.72,
      -0.78,
      0.75,
      -0.63,
      0.73,
      0.43,
      0.55,
      0.49,
      0.52,
      -0.19
    ],
    [
      0.92,
      1.0,
      -0.78,
      -0.81,
      0.75,
      -0.68,
      0.77,
      0.24,
      0.6,
      0.46,
      0.54,
      -0.21
    ],
    [
      -0.72,
      -0.78,
      1.0,
      0.7,
      -0.68,
      0.66,
      -0.72,
      0.32,
      0.03,
      -0.2,
      -0.33,
      0.52
    ],
    [
      -0.78,
      -0.81,
      0.7,
      1.0,
      -0.62,
      0.66,
      -0.68,
      -0.16,
      -0.4,
      -0.33,
      -0.46,
      0.13
    ],
    [
      0.75,
      0.75,
      -0.68,
      -0.62,
      1.0,
      -0.82,
      0.86,
      0.13,
      0.33,
      0.85,
      0.72,
      0.07
    ],
    [
      -0.63,
      -0.68,
      0.66,
      0.66,
      -0.82,
      1.0,
      -0.76,
      -0.0,
      -0.24,
      -0.63,
      -0.59,
      -0.3
    ],
    [
      0.73,
      0.77,
      -0.72,
      -0.68,
      0.86,
      -0.76,
      1.0,
      0.05,
      0.31,
      0.63,
      0.89,
      -0.06
    ],
    [
      0.43,
      0.24,
      0.32,
      -0.16,
      0.13,
      -0.0,
      0.05,
      1.0,
      0.79,
      0.4,
      0.28,
      0.41
    ],
    [
      0.55,
      0.6,
      0.03,
      -0.4,
      0.33,
      -0.24,
      0.31,
      0.79,
      1.0,
      0.47,
      0.45,
      0.32
    ],
    [
      0.49,
      0.46,
      -0.2,
      -0.33,
      0.85,
      -0.63,
      0.63,
      0.4,
      0.47,
      1.0,
      0.73,
      0.46
    ],
    [
      0.52,
      0.54,
      -0.33,
      -0.46,
      0.72,
      -0.59,
      0.89,
      0.28,
      0.45,
      0.73,
      1.0,
      0.26
    ],
    [
      -0.19,
      -0.21,
      0.52,
      0.13,
      0.07,
      -0.3,
      -0.06,
      0.41,
      0.32,
      0.46,
      0.26,
      1.0
    ]
  ],
  "lookback": 50,
  "updated": "2026-04-16T06:15:16.606982"
}