{
  "pairs": [
    "EURUSD",
    "GBPUSD",
    "USDJPY",
    "USDCHF",
    "AUDUSD",
    "USDCAD",
    "NZDUSD",
    "EURJPY",
    "GBPJPY",
    "AUDJPY",
    "NZDJPY",
    "CADJPY"
  ],
  "matrix": [
    [
      1.0,
      0.94,
      -0.46,
      -0.9,
      0.83,
      -0.51,
      0.82,
      0.04,
      0.12,
      0.19,
      0.29,
      -0.3
    ],
    [
      0.94,
      1.0,
      -0.39,
      -0.87,
      0.8,
      -0.58,
      0.83,
      0.09,
      0.24,
      0.24,
      0.38,
      -0.19
    ],
    [
      -0.46,
      -0.39,
      1.0,
      0.59,
      -0.4,
      0.36,
      -0.49,
      0.87,
      0.8,
      0.68,
      0.57,
      0.93
    ],
    [
      -0.9,
      -0.87,
      0.59,
      1.0,
      -0.82,
      0.48,
      -0.82,
      0.16,
      0.05,
      -0.06,
      -0.17,
      0.44
    ],
    [
      0.83,
      0.8,
      -0.4,
      -0.82,
      1.0,
      -0.48,
      0.88,
      0.02,
      0.1,
      0.39,
      0.42,
      -0.24
    ],
    [
      -0.51,
      -0.58,
      0.36,
      0.48,
      -0.48,
      1.0,
      -0.51,
      0.11,
      -0.0,
      -0.02,
      -0.11,
      -0.02
    ],
    [
      0.82,
      0.83,
      -0.49,
      -0.82,
      0.88,
      -0.51,
      1.0,
      -0.09,
      0.03,
      0.21,
      0.44,
      -0.32
    ],
    [
      0.04,
      0.09,
      0.87,
      0.16,
      0.02,
      0.11,
      -0.09,
      1.0,
      0.97,
      0.88,
      0.81,
      0.88
    ],
    [
      0.12,
      0.24,
      0.8,
      0.05,
      0.1,
      -0.0,
      0.03,
      0.97,
      1.0,
      0.88,
      0.85,
      0.85
    ],
    [
      0.19,
      0.24,
      0.68,
      -0.06,
      0.39,
      -0.02,
      0.21,
      0.88,
      0.88,
      1.0,
      0.9,
      0.74
    ],
    [
      0.29,
      0.38,
      0.57,
      -0.17,
      0.42,
      -0.11,
      0.44,
      0.81,
      0.85,
      0.9,
      1.0,
      0.65
    ],
    [
      -0.3,
      -0.19,
      0.93,
      0.44,
      -0.24,
      -0.02,
      -0.32,
      0.88,
      0.85,
      0.74,
      0.65,
      1.0
    ]
  ],
  "lookback": 50,
  "updated": "2026-05-09T04:00:33.705528"
}