{
  "pairs": [
    "EURUSD",
    "GBPUSD",
    "USDJPY",
    "USDCHF",
    "AUDUSD",
    "USDCAD",
    "NZDUSD",
    "EURJPY",
    "GBPJPY",
    "AUDJPY",
    "NZDJPY",
    "CADJPY"
  ],
  "matrix": [
    [
      1.0,
      0.72,
      -0.53,
      -0.68,
      0.72,
      -0.16,
      0.69,
      -0.09,
      -0.18,
      -0.19,
      -0.16,
      -0.14
    ],
    [
      0.72,
      1.0,
      -0.27,
      -0.68,
      0.76,
      -0.2,
      0.73,
      -0.33,
      -0.4,
      -0.42,
      -0.38,
      -0.16
    ],
    [
      -0.53,
      -0.27,
      1.0,
      0.31,
      -0.43,
      0.16,
      -0.36,
      -0.12,
      -0.03,
      0.05,
      0.09,
      -0.15
    ],
    [
      -0.68,
      -0.68,
      0.31,
      1.0,
      -0.49,
      0.55,
      -0.51,
      -0.07,
      0.1,
      0.21,
      0.15,
      0.01
    ],
    [
      0.72,
      0.76,
      -0.43,
      -0.49,
      1.0,
      -0.01,
      0.79,
      -0.31,
      -0.29,
      -0.46,
      -0.34,
      -0.12
    ],
    [
      -0.16,
      -0.2,
      0.16,
      0.55,
      -0.01,
      1.0,
      -0.15,
      -0.25,
      -0.03,
      -0.03,
      -0.09,
      0.05
    ],
    [
      0.69,
      0.73,
      -0.36,
      -0.51,
      0.79,
      -0.15,
      1.0,
      -0.31,
      -0.33,
      -0.39,
      -0.33,
      -0.14
    ],
    [
      -0.09,
      -0.33,
      -0.12,
      -0.07,
      -0.31,
      -0.25,
      -0.31,
      1.0,
      0.83,
      0.65,
      0.67,
      0.48
    ],
    [
      -0.18,
      -0.4,
      -0.03,
      0.1,
      -0.29,
      -0.03,
      -0.33,
      0.83,
      1.0,
      0.73,
      0.72,
      0.51
    ],
    [
      -0.19,
      -0.42,
      0.05,
      0.21,
      -0.46,
      -0.03,
      -0.39,
      0.65,
      0.73,
      1.0,
      0.78,
      0.12
    ],
    [
      -0.16,
      -0.38,
      0.09,
      0.15,
      -0.34,
      -0.09,
      -0.33,
      0.67,
      0.72,
      0.78,
      1.0,
      0.29
    ],
    [
      -0.14,
      -0.16,
      -0.15,
      0.01,
      -0.12,
      0.05,
      -0.14,
      0.48,
      0.51,
      0.12,
      0.29,
      1.0
    ]
  ],
  "lookback": 50,
  "updated": "2026-04-26T20:59:38.021709"
}