{
  "pairs": [
    "EURUSD",
    "GBPUSD",
    "USDJPY",
    "USDCHF",
    "AUDUSD",
    "USDCAD",
    "NZDUSD",
    "EURJPY",
    "GBPJPY",
    "AUDJPY",
    "NZDJPY",
    "CADJPY"
  ],
  "matrix": [
    [
      1.0,
      0.78,
      -0.54,
      -0.83,
      0.78,
      -0.68,
      0.72,
      0.33,
      0.12,
      0.33,
      0.34,
      0.03
    ],
    [
      0.78,
      1.0,
      -0.33,
      -0.78,
      0.78,
      -0.61,
      0.7,
      0.35,
      0.5,
      0.52,
      0.47,
      0.17
    ],
    [
      -0.54,
      -0.33,
      1.0,
      0.31,
      -0.46,
      0.25,
      -0.32,
      0.62,
      0.65,
      0.4,
      0.36,
      0.69
    ],
    [
      -0.83,
      -0.78,
      0.31,
      1.0,
      -0.75,
      0.68,
      -0.65,
      -0.44,
      -0.35,
      -0.51,
      -0.44,
      -0.25
    ],
    [
      0.78,
      0.78,
      -0.46,
      -0.75,
      1.0,
      -0.62,
      0.81,
      0.21,
      0.2,
      0.63,
      0.48,
      0.06
    ],
    [
      -0.68,
      -0.61,
      0.25,
      0.68,
      -0.62,
      1.0,
      -0.65,
      -0.34,
      -0.26,
      -0.42,
      -0.47,
      -0.53
    ],
    [
      0.72,
      0.7,
      -0.32,
      -0.65,
      0.81,
      -0.65,
      1.0,
      0.32,
      0.27,
      0.56,
      0.77,
      0.22
    ],
    [
      0.33,
      0.35,
      0.62,
      -0.44,
      0.21,
      -0.34,
      0.32,
      1.0,
      0.85,
      0.76,
      0.73,
      0.8
    ],
    [
      0.12,
      0.5,
      0.65,
      -0.35,
      0.2,
      -0.26,
      0.27,
      0.85,
      1.0,
      0.78,
      0.71,
      0.77
    ],
    [
      0.33,
      0.52,
      0.4,
      -0.51,
      0.63,
      -0.42,
      0.56,
      0.76,
      0.78,
      1.0,
      0.82,
      0.66
    ],
    [
      0.34,
      0.47,
      0.36,
      -0.44,
      0.48,
      -0.47,
      0.77,
      0.73,
      0.71,
      0.82,
      1.0,
      0.67
    ],
    [
      0.03,
      0.17,
      0.69,
      -0.25,
      0.06,
      -0.53,
      0.22,
      0.8,
      0.77,
      0.66,
      0.67,
      1.0
    ]
  ],
  "lookback": 50,
  "updated": "2026-04-28T06:47:09.763881"
}