{
  "pairs": [
    "EURUSD",
    "GBPUSD",
    "USDJPY",
    "USDCHF",
    "AUDUSD",
    "USDCAD",
    "NZDUSD",
    "EURJPY",
    "GBPJPY",
    "AUDJPY",
    "NZDJPY",
    "CADJPY"
  ],
  "matrix": [
    [
      1.0,
      0.7,
      -0.42,
      -0.87,
      0.82,
      -0.57,
      0.81,
      0.12,
      0.15,
      0.3,
      0.39,
      -0.18
    ],
    [
      0.7,
      1.0,
      -0.24,
      -0.81,
      0.8,
      -0.6,
      0.86,
      0.2,
      0.52,
      0.45,
      0.62,
      0.03
    ],
    [
      -0.42,
      -0.24,
      1.0,
      0.53,
      -0.42,
      0.34,
      -0.48,
      0.84,
      0.7,
      0.62,
      0.5,
      0.9
    ],
    [
      -0.87,
      -0.81,
      0.53,
      1.0,
      -0.86,
      0.6,
      -0.89,
      0.04,
      -0.13,
      -0.22,
      -0.37,
      0.28
    ],
    [
      0.82,
      0.8,
      -0.42,
      -0.86,
      1.0,
      -0.66,
      0.9,
      0.04,
      0.22,
      0.45,
      0.48,
      -0.14
    ],
    [
      -0.57,
      -0.6,
      0.34,
      0.6,
      -0.66,
      1.0,
      -0.63,
      0.03,
      -0.14,
      -0.23,
      -0.28,
      -0.1
    ],
    [
      0.81,
      0.86,
      -0.48,
      -0.89,
      0.9,
      -0.63,
      1.0,
      -0.02,
      0.2,
      0.3,
      0.52,
      -0.22
    ],
    [
      0.12,
      0.2,
      0.84,
      0.04,
      0.04,
      0.03,
      -0.02,
      1.0,
      0.89,
      0.87,
      0.8,
      0.88
    ],
    [
      0.15,
      0.52,
      0.7,
      -0.13,
      0.22,
      -0.14,
      0.2,
      0.89,
      1.0,
      0.88,
      0.89,
      0.82
    ],
    [
      0.3,
      0.45,
      0.62,
      -0.22,
      0.45,
      -0.23,
      0.3,
      0.87,
      0.88,
      1.0,
      0.9,
      0.77
    ],
    [
      0.39,
      0.62,
      0.5,
      -0.37,
      0.48,
      -0.28,
      0.52,
      0.8,
      0.89,
      0.9,
      1.0,
      0.66
    ],
    [
      -0.18,
      0.03,
      0.9,
      0.28,
      -0.14,
      -0.1,
      -0.22,
      0.88,
      0.82,
      0.77,
      0.66,
      1.0
    ]
  ],
  "lookback": 50,
  "updated": "2026-05-12T21:43:27.706745"
}