{
  "pairs": [
    "EURUSD",
    "GBPUSD",
    "USDJPY",
    "USDCHF",
    "AUDUSD",
    "USDCAD",
    "NZDUSD",
    "EURJPY",
    "GBPJPY"
  ],
  "matrix": [
    [
      1.0,
      0.96,
      -0.86,
      -0.91,
      0.88,
      -0.73,
      0.83,
      0.4,
      0.6
    ],
    [
      0.96,
      1.0,
      -0.89,
      -0.88,
      0.86,
      -0.69,
      0.87,
      0.29,
      0.65
    ],
    [
      -0.86,
      -0.89,
      1.0,
      0.85,
      -0.85,
      0.67,
      -0.84,
      0.11,
      -0.23
    ],
    [
      -0.91,
      -0.88,
      0.85,
      1.0,
      -0.79,
      0.69,
      -0.8,
      -0.24,
      -0.46
    ],
    [
      0.88,
      0.86,
      -0.85,
      -0.79,
      1.0,
      -0.8,
      0.87,
      0.17,
      0.42
    ],
    [
      -0.73,
      -0.69,
      0.67,
      0.69,
      -0.8,
      1.0,
      -0.81,
      -0.21,
      -0.35
    ],
    [
      0.83,
      0.87,
      -0.84,
      -0.8,
      0.87,
      -0.81,
      1.0,
      0.11,
      0.45
    ],
    [
      0.4,
      0.29,
      0.11,
      -0.24,
      0.17,
      -0.21,
      0.11,
      1.0,
      0.78
    ],
    [
      0.6,
      0.65,
      -0.23,
      -0.46,
      0.42,
      -0.35,
      0.45,
      0.78,
      1.0
    ]
  ],
  "lookback": 50,
  "updated": "2026-04-10T13:52:38.254686"
}