{
  "pairs": [
    "EURUSD",
    "GBPUSD",
    "USDJPY",
    "USDCHF",
    "AUDUSD",
    "USDCAD",
    "NZDUSD",
    "EURJPY",
    "GBPJPY",
    "AUDJPY",
    "NZDJPY",
    "CADJPY"
  ],
  "matrix": [
    [
      1.0,
      0.9,
      -0.41,
      -0.87,
      0.87,
      -0.43,
      0.84,
      0.1,
      0.16,
      0.32,
      0.41,
      -0.27
    ],
    [
      0.9,
      1.0,
      -0.38,
      -0.88,
      0.84,
      -0.53,
      0.89,
      0.09,
      0.26,
      0.33,
      0.5,
      -0.19
    ],
    [
      -0.41,
      -0.38,
      1.0,
      0.58,
      -0.43,
      0.32,
      -0.52,
      0.86,
      0.79,
      0.64,
      0.51,
      0.92
    ],
    [
      -0.87,
      -0.88,
      0.58,
      1.0,
      -0.83,
      0.45,
      -0.83,
      0.15,
      0.03,
      -0.12,
      -0.23,
      0.43
    ],
    [
      0.87,
      0.84,
      -0.43,
      -0.83,
      1.0,
      -0.52,
      0.87,
      0.02,
      0.11,
      0.42,
      0.43,
      -0.25
    ],
    [
      -0.43,
      -0.53,
      0.32,
      0.45,
      -0.52,
      1.0,
      -0.56,
      0.1,
      -0.02,
      -0.11,
      -0.22,
      -0.07
    ],
    [
      0.84,
      0.89,
      -0.52,
      -0.83,
      0.87,
      -0.56,
      1.0,
      -0.1,
      0.04,
      0.22,
      0.47,
      -0.32
    ],
    [
      0.1,
      0.09,
      0.86,
      0.15,
      0.02,
      0.1,
      -0.1,
      1.0,
      0.96,
      0.88,
      0.8,
      0.86
    ],
    [
      0.16,
      0.26,
      0.79,
      0.03,
      0.11,
      -0.02,
      0.04,
      0.96,
      1.0,
      0.89,
      0.86,
      0.84
    ],
    [
      0.32,
      0.33,
      0.64,
      -0.12,
      0.42,
      -0.11,
      0.22,
      0.88,
      0.89,
      1.0,
      0.88,
      0.72
    ],
    [
      0.41,
      0.5,
      0.51,
      -0.23,
      0.43,
      -0.22,
      0.47,
      0.8,
      0.86,
      0.88,
      1.0,
      0.63
    ],
    [
      -0.27,
      -0.19,
      0.92,
      0.43,
      -0.25,
      -0.07,
      -0.32,
      0.86,
      0.84,
      0.72,
      0.63,
      1.0
    ]
  ],
  "lookback": 50,
  "updated": "2026-05-10T17:16:12.543883"
}