{
  "pairs": [
    "EURUSD",
    "GBPUSD",
    "USDJPY",
    "USDCHF",
    "AUDUSD",
    "USDCAD",
    "NZDUSD",
    "EURJPY",
    "GBPJPY",
    "AUDJPY",
    "NZDJPY",
    "CADJPY"
  ],
  "matrix": [
    [
      1.0,
      0.62,
      -0.7,
      -0.86,
      0.67,
      -0.48,
      0.71,
      0.62,
      0.37,
      0.41,
      0.47,
      -0.16
    ],
    [
      0.62,
      1.0,
      -0.43,
      -0.77,
      0.72,
      -0.4,
      0.78,
      0.51,
      0.91,
      0.6,
      0.68,
      0.01
    ],
    [
      -0.7,
      -0.43,
      1.0,
      0.67,
      -0.51,
      0.32,
      -0.47,
      0.1,
      -0.03,
      -0.06,
      -0.07,
      0.56
    ],
    [
      -0.86,
      -0.77,
      0.67,
      1.0,
      -0.71,
      0.49,
      -0.8,
      -0.54,
      -0.55,
      -0.46,
      -0.6,
      0.12
    ],
    [
      0.67,
      0.72,
      -0.51,
      -0.71,
      1.0,
      -0.53,
      0.86,
      0.45,
      0.56,
      0.89,
      0.73,
      0.05
    ],
    [
      -0.48,
      -0.4,
      0.32,
      0.49,
      -0.53,
      1.0,
      -0.49,
      -0.31,
      -0.29,
      -0.44,
      -0.4,
      -0.6
    ],
    [
      0.71,
      0.78,
      -0.47,
      -0.8,
      0.86,
      -0.49,
      1.0,
      0.55,
      0.64,
      0.74,
      0.91,
      0.05
    ],
    [
      0.62,
      0.51,
      0.1,
      -0.54,
      0.45,
      -0.31,
      0.55,
      1.0,
      0.61,
      0.57,
      0.67,
      0.38
    ],
    [
      0.37,
      0.91,
      -0.03,
      -0.55,
      0.56,
      -0.29,
      0.64,
      0.61,
      1.0,
      0.64,
      0.72,
      0.26
    ],
    [
      0.41,
      0.6,
      -0.06,
      -0.46,
      0.89,
      -0.44,
      0.74,
      0.57,
      0.64,
      1.0,
      0.8,
      0.35
    ],
    [
      0.47,
      0.68,
      -0.07,
      -0.6,
      0.73,
      -0.4,
      0.91,
      0.67,
      0.72,
      0.8,
      1.0,
      0.32
    ],
    [
      -0.16,
      0.01,
      0.56,
      0.12,
      0.05,
      -0.6,
      0.05,
      0.38,
      0.26,
      0.35,
      0.32,
      1.0
    ]
  ],
  "lookback": 50,
  "updated": "2026-05-15T07:18:19.383134"
}