{
  "pairs": [
    "EURUSD",
    "GBPUSD",
    "USDJPY",
    "USDCHF",
    "AUDUSD",
    "USDCAD",
    "NZDUSD",
    "EURJPY",
    "GBPJPY",
    "AUDJPY",
    "NZDJPY",
    "CADJPY"
  ],
  "matrix": [
    [
      1.0,
      0.94,
      -0.51,
      -0.76,
      0.84,
      -0.63,
      0.8,
      -0.25,
      -0.16,
      -0.07,
      -0.01,
      -0.35
    ],
    [
      0.94,
      1.0,
      -0.47,
      -0.77,
      0.81,
      -0.72,
      0.79,
      -0.21,
      -0.08,
      -0.04,
      0.04,
      -0.28
    ],
    [
      -0.51,
      -0.47,
      1.0,
      0.81,
      -0.43,
      0.26,
      -0.54,
      0.96,
      0.92,
      0.84,
      0.77,
      0.96
    ],
    [
      -0.76,
      -0.77,
      0.81,
      1.0,
      -0.7,
      0.47,
      -0.76,
      0.66,
      0.57,
      0.48,
      0.39,
      0.71
    ],
    [
      0.84,
      0.81,
      -0.43,
      -0.7,
      1.0,
      -0.52,
      0.91,
      -0.2,
      -0.12,
      0.12,
      0.18,
      -0.29
    ],
    [
      -0.63,
      -0.72,
      0.26,
      0.47,
      -0.52,
      1.0,
      -0.54,
      0.08,
      -0.04,
      -0.02,
      -0.11,
      -0.02
    ],
    [
      0.8,
      0.79,
      -0.54,
      -0.76,
      0.91,
      -0.54,
      1.0,
      -0.35,
      -0.25,
      -0.06,
      0.11,
      -0.4
    ],
    [
      -0.25,
      -0.21,
      0.96,
      0.66,
      -0.2,
      0.08,
      -0.35,
      1.0,
      0.98,
      0.93,
      0.87,
      0.97
    ],
    [
      -0.16,
      -0.08,
      0.92,
      0.57,
      -0.12,
      -0.04,
      -0.25,
      0.98,
      1.0,
      0.94,
      0.89,
      0.96
    ],
    [
      -0.07,
      -0.04,
      0.84,
      0.48,
      0.12,
      -0.02,
      -0.06,
      0.93,
      0.94,
      1.0,
      0.96,
      0.88
    ],
    [
      -0.01,
      0.04,
      0.77,
      0.39,
      0.18,
      -0.11,
      0.11,
      0.87,
      0.89,
      0.96,
      1.0,
      0.83
    ],
    [
      -0.35,
      -0.28,
      0.96,
      0.71,
      -0.29,
      -0.02,
      -0.4,
      0.97,
      0.96,
      0.88,
      0.83,
      1.0
    ]
  ],
  "lookback": 50,
  "updated": "2026-05-06T06:47:26.974937"
}