{
  "pairs": [
    "EURUSD",
    "GBPUSD",
    "USDJPY",
    "USDCHF",
    "AUDUSD",
    "USDCAD",
    "NZDUSD",
    "EURJPY",
    "GBPJPY",
    "AUDJPY",
    "NZDJPY",
    "CADJPY"
  ],
  "matrix": [
    [
      1.0,
      0.81,
      -0.54,
      -0.9,
      0.77,
      -0.57,
      0.82,
      0.61,
      0.65,
      0.64,
      0.69,
      -0.08
    ],
    [
      0.81,
      1.0,
      -0.54,
      -0.71,
      0.62,
      -0.31,
      0.68,
      0.4,
      0.88,
      0.47,
      0.53,
      -0.26
    ],
    [
      -0.54,
      -0.54,
      1.0,
      0.42,
      -0.54,
      0.34,
      -0.49,
      0.33,
      -0.08,
      -0.15,
      -0.12,
      0.69
    ],
    [
      -0.9,
      -0.71,
      0.42,
      1.0,
      -0.62,
      0.46,
      -0.71,
      -0.61,
      -0.6,
      -0.53,
      -0.62,
      0.04
    ],
    [
      0.77,
      0.62,
      -0.54,
      -0.62,
      1.0,
      -0.54,
      0.91,
      0.35,
      0.43,
      0.91,
      0.79,
      -0.1
    ],
    [
      -0.57,
      -0.31,
      0.34,
      0.46,
      -0.54,
      1.0,
      -0.49,
      -0.32,
      -0.18,
      -0.47,
      -0.41,
      -0.45
    ],
    [
      0.82,
      0.68,
      -0.49,
      -0.71,
      0.91,
      -0.49,
      1.0,
      0.45,
      0.52,
      0.83,
      0.92,
      -0.1
    ],
    [
      0.61,
      0.4,
      0.33,
      -0.61,
      0.35,
      -0.32,
      0.45,
      1.0,
      0.67,
      0.57,
      0.66,
      0.56
    ],
    [
      0.65,
      0.88,
      -0.08,
      -0.6,
      0.43,
      -0.18,
      0.52,
      0.67,
      1.0,
      0.47,
      0.56,
      0.08
    ],
    [
      0.64,
      0.47,
      -0.15,
      -0.53,
      0.91,
      -0.47,
      0.83,
      0.57,
      0.47,
      1.0,
      0.87,
      0.21
    ],
    [
      0.69,
      0.53,
      -0.12,
      -0.62,
      0.79,
      -0.41,
      0.92,
      0.66,
      0.56,
      0.87,
      1.0,
      0.2
    ],
    [
      -0.08,
      -0.26,
      0.69,
      0.04,
      -0.1,
      -0.45,
      -0.1,
      0.56,
      0.08,
      0.21,
      0.2,
      1.0
    ]
  ],
  "lookback": 50,
  "updated": "2026-05-21T18:15:17.156791"
}