{
  "pairs": [
    "EURUSD",
    "GBPUSD",
    "USDJPY",
    "USDCHF",
    "AUDUSD",
    "USDCAD",
    "NZDUSD",
    "EURJPY",
    "GBPJPY",
    "AUDJPY",
    "NZDJPY",
    "CADJPY"
  ],
  "matrix": [
    [
      1.0,
      0.77,
      -0.49,
      -0.87,
      0.73,
      -0.57,
      0.79,
      0.6,
      0.63,
      0.61,
      0.67,
      -0.02
    ],
    [
      0.77,
      1.0,
      -0.5,
      -0.69,
      0.58,
      -0.26,
      0.65,
      0.36,
      0.89,
      0.42,
      0.51,
      -0.26
    ],
    [
      -0.49,
      -0.5,
      1.0,
      0.36,
      -0.5,
      0.31,
      -0.45,
      0.4,
      -0.05,
      -0.1,
      -0.07,
      0.68
    ],
    [
      -0.87,
      -0.69,
      0.36,
      1.0,
      -0.57,
      0.44,
      -0.68,
      -0.59,
      -0.6,
      -0.49,
      -0.6,
      -0.01
    ],
    [
      0.73,
      0.58,
      -0.5,
      -0.57,
      1.0,
      -0.52,
      0.89,
      0.31,
      0.4,
      0.91,
      0.78,
      -0.06
    ],
    [
      -0.57,
      -0.26,
      0.31,
      0.44,
      -0.52,
      1.0,
      -0.46,
      -0.31,
      -0.13,
      -0.45,
      -0.38,
      -0.48
    ],
    [
      0.79,
      0.65,
      -0.45,
      -0.68,
      0.89,
      -0.46,
      1.0,
      0.41,
      0.51,
      0.81,
      0.92,
      -0.07
    ],
    [
      0.6,
      0.36,
      0.4,
      -0.59,
      0.31,
      -0.31,
      0.41,
      1.0,
      0.63,
      0.54,
      0.63,
      0.61
    ],
    [
      0.63,
      0.89,
      -0.05,
      -0.6,
      0.4,
      -0.13,
      0.51,
      0.63,
      1.0,
      0.43,
      0.55,
      0.06
    ],
    [
      0.61,
      0.42,
      -0.1,
      -0.49,
      0.91,
      -0.45,
      0.81,
      0.54,
      0.43,
      1.0,
      0.86,
      0.25
    ],
    [
      0.67,
      0.51,
      -0.07,
      -0.6,
      0.78,
      -0.38,
      0.92,
      0.63,
      0.55,
      0.86,
      1.0,
      0.22
    ],
    [
      -0.02,
      -0.26,
      0.68,
      -0.01,
      -0.06,
      -0.48,
      -0.07,
      0.61,
      0.06,
      0.25,
      0.22,
      1.0
    ]
  ],
  "lookback": 50,
  "updated": "2026-05-21T15:53:32.537646"
}