{
  "pairs": [
    "EURUSD",
    "GBPUSD",
    "USDJPY",
    "USDCHF",
    "AUDUSD",
    "USDCAD",
    "NZDUSD",
    "EURJPY",
    "GBPJPY",
    "AUDJPY",
    "NZDJPY",
    "CADJPY"
  ],
  "matrix": [
    [
      1.0,
      0.57,
      -0.57,
      -0.79,
      0.64,
      -0.6,
      0.69,
      0.57,
      0.38,
      0.47,
      0.53,
      -0.0
    ],
    [
      0.57,
      1.0,
      -0.29,
      -0.71,
      0.63,
      -0.39,
      0.71,
      0.48,
      0.93,
      0.59,
      0.66,
      0.1
    ],
    [
      -0.57,
      -0.29,
      1.0,
      0.49,
      -0.5,
      0.42,
      -0.41,
      0.32,
      0.07,
      -0.11,
      -0.05,
      0.59
    ],
    [
      -0.79,
      -0.71,
      0.49,
      1.0,
      -0.63,
      0.63,
      -0.73,
      -0.49,
      -0.56,
      -0.49,
      -0.61,
      -0.12
    ],
    [
      0.64,
      0.63,
      -0.5,
      -0.63,
      1.0,
      -0.61,
      0.88,
      0.31,
      0.46,
      0.91,
      0.76,
      0.07
    ],
    [
      -0.6,
      -0.39,
      0.42,
      0.63,
      -0.61,
      1.0,
      -0.55,
      -0.27,
      -0.25,
      -0.51,
      -0.43,
      -0.49
    ],
    [
      0.69,
      0.71,
      -0.41,
      -0.73,
      0.88,
      -0.55,
      1.0,
      0.47,
      0.58,
      0.82,
      0.93,
      0.12
    ],
    [
      0.57,
      0.48,
      0.32,
      -0.49,
      0.31,
      -0.27,
      0.47,
      1.0,
      0.62,
      0.5,
      0.64,
      0.58
    ],
    [
      0.38,
      0.93,
      0.07,
      -0.56,
      0.46,
      -0.25,
      0.58,
      0.62,
      1.0,
      0.56,
      0.66,
      0.33
    ],
    [
      0.47,
      0.59,
      -0.11,
      -0.49,
      0.91,
      -0.51,
      0.82,
      0.5,
      0.56,
      1.0,
      0.85,
      0.36
    ],
    [
      0.53,
      0.66,
      -0.05,
      -0.61,
      0.76,
      -0.43,
      0.93,
      0.64,
      0.66,
      0.85,
      1.0,
      0.36
    ],
    [
      -0.0,
      0.1,
      0.59,
      -0.12,
      0.07,
      -0.49,
      0.12,
      0.58,
      0.33,
      0.36,
      0.36,
      1.0
    ]
  ],
  "lookback": 50,
  "updated": "2026-05-18T18:14:33.120377"
}