{
  "pairs": [
    "EURUSD",
    "GBPUSD",
    "USDJPY",
    "USDCHF",
    "AUDUSD",
    "USDCAD",
    "NZDUSD",
    "EURJPY",
    "GBPJPY",
    "AUDJPY",
    "NZDJPY",
    "CADJPY"
  ],
  "matrix": [
    [
      1.0,
      0.93,
      -0.47,
      -0.9,
      0.84,
      -0.57,
      0.82,
      0.06,
      0.18,
      0.24,
      0.32,
      -0.2
    ],
    [
      0.93,
      1.0,
      -0.39,
      -0.87,
      0.82,
      -0.69,
      0.84,
      0.12,
      0.32,
      0.31,
      0.42,
      -0.05
    ],
    [
      -0.47,
      -0.39,
      1.0,
      0.59,
      -0.4,
      0.33,
      -0.48,
      0.85,
      0.75,
      0.65,
      0.54,
      0.87
    ],
    [
      -0.9,
      -0.87,
      0.59,
      1.0,
      -0.83,
      0.53,
      -0.84,
      0.13,
      -0.02,
      -0.11,
      -0.22,
      0.35
    ],
    [
      0.84,
      0.82,
      -0.4,
      -0.83,
      1.0,
      -0.58,
      0.89,
      0.05,
      0.18,
      0.44,
      0.46,
      -0.12
    ],
    [
      -0.57,
      -0.69,
      0.33,
      0.53,
      -0.58,
      1.0,
      -0.57,
      0.03,
      -0.16,
      -0.16,
      -0.22,
      -0.17
    ],
    [
      0.82,
      0.84,
      -0.48,
      -0.84,
      0.89,
      -0.57,
      1.0,
      -0.06,
      0.11,
      0.27,
      0.48,
      -0.21
    ],
    [
      0.06,
      0.12,
      0.85,
      0.13,
      0.05,
      0.03,
      -0.06,
      1.0,
      0.96,
      0.88,
      0.8,
      0.87
    ],
    [
      0.18,
      0.32,
      0.75,
      -0.02,
      0.18,
      -0.16,
      0.11,
      0.96,
      1.0,
      0.89,
      0.85,
      0.86
    ],
    [
      0.24,
      0.31,
      0.65,
      -0.11,
      0.44,
      -0.16,
      0.27,
      0.88,
      0.89,
      1.0,
      0.91,
      0.76
    ],
    [
      0.32,
      0.42,
      0.54,
      -0.22,
      0.46,
      -0.22,
      0.48,
      0.8,
      0.85,
      0.91,
      1.0,
      0.67
    ],
    [
      -0.2,
      -0.05,
      0.87,
      0.35,
      -0.12,
      -0.17,
      -0.21,
      0.87,
      0.86,
      0.76,
      0.67,
      1.0
    ]
  ],
  "lookback": 50,
  "updated": "2026-05-08T18:12:40.714403"
}