{
  "pairs": [
    "EURUSD",
    "GBPUSD",
    "USDJPY",
    "USDCHF",
    "AUDUSD",
    "USDCAD",
    "NZDUSD",
    "EURJPY",
    "GBPJPY",
    "AUDJPY",
    "NZDJPY",
    "CADJPY"
  ],
  "matrix": [
    [
      1.0,
      0.94,
      -0.47,
      -0.74,
      0.84,
      -0.61,
      0.81,
      -0.17,
      -0.08,
      0.01,
      0.08,
      -0.3
    ],
    [
      0.94,
      1.0,
      -0.42,
      -0.74,
      0.82,
      -0.71,
      0.81,
      -0.14,
      0.0,
      0.05,
      0.13,
      -0.23
    ],
    [
      -0.47,
      -0.42,
      1.0,
      0.82,
      -0.43,
      0.27,
      -0.54,
      0.95,
      0.9,
      0.83,
      0.76,
      0.96
    ],
    [
      -0.74,
      -0.74,
      0.82,
      1.0,
      -0.7,
      0.43,
      -0.76,
      0.65,
      0.56,
      0.46,
      0.38,
      0.72
    ],
    [
      0.84,
      0.82,
      -0.43,
      -0.7,
      1.0,
      -0.53,
      0.9,
      -0.18,
      -0.09,
      0.15,
      0.19,
      -0.29
    ],
    [
      -0.61,
      -0.71,
      0.27,
      0.43,
      -0.53,
      1.0,
      -0.52,
      0.09,
      -0.03,
      -0.04,
      -0.09,
      -0.02
    ],
    [
      0.81,
      0.81,
      -0.54,
      -0.76,
      0.9,
      -0.52,
      1.0,
      -0.31,
      -0.21,
      -0.03,
      0.14,
      -0.4
    ],
    [
      -0.17,
      -0.14,
      0.95,
      0.65,
      -0.18,
      0.09,
      -0.31,
      1.0,
      0.98,
      0.93,
      0.87,
      0.96
    ],
    [
      -0.08,
      0.0,
      0.9,
      0.56,
      -0.09,
      -0.03,
      -0.21,
      0.98,
      1.0,
      0.93,
      0.9,
      0.95
    ],
    [
      0.01,
      0.05,
      0.83,
      0.46,
      0.15,
      -0.04,
      -0.03,
      0.93,
      0.93,
      1.0,
      0.95,
      0.87
    ],
    [
      0.08,
      0.13,
      0.76,
      0.38,
      0.19,
      -0.09,
      0.14,
      0.87,
      0.9,
      0.95,
      1.0,
      0.81
    ],
    [
      -0.3,
      -0.23,
      0.96,
      0.72,
      -0.29,
      -0.02,
      -0.4,
      0.96,
      0.95,
      0.87,
      0.81,
      1.0
    ]
  ],
  "lookback": 50,
  "updated": "2026-05-06T20:06:13.870565"
}