{
  "pairs": [
    "EURUSD",
    "GBPUSD",
    "USDJPY",
    "USDCHF",
    "AUDUSD",
    "USDCAD",
    "NZDUSD",
    "EURJPY",
    "GBPJPY",
    "AUDJPY",
    "NZDJPY",
    "CADJPY"
  ],
  "matrix": [
    [
      1.0,
      0.94,
      -0.46,
      -0.76,
      0.82,
      -0.63,
      0.82,
      -0.17,
      -0.08,
      -0.01,
      0.06,
      -0.29
    ],
    [
      0.94,
      1.0,
      -0.42,
      -0.75,
      0.81,
      -0.74,
      0.83,
      -0.14,
      -0.0,
      0.03,
      0.12,
      -0.22
    ],
    [
      -0.46,
      -0.42,
      1.0,
      0.81,
      -0.43,
      0.26,
      -0.54,
      0.95,
      0.91,
      0.84,
      0.78,
      0.96
    ],
    [
      -0.76,
      -0.75,
      0.81,
      1.0,
      -0.71,
      0.44,
      -0.78,
      0.64,
      0.55,
      0.46,
      0.38,
      0.71
    ],
    [
      0.82,
      0.81,
      -0.43,
      -0.71,
      1.0,
      -0.57,
      0.89,
      -0.19,
      -0.1,
      0.13,
      0.15,
      -0.28
    ],
    [
      -0.63,
      -0.74,
      0.26,
      0.44,
      -0.57,
      1.0,
      -0.54,
      0.07,
      -0.05,
      -0.06,
      -0.1,
      -0.03
    ],
    [
      0.82,
      0.83,
      -0.54,
      -0.78,
      0.89,
      -0.54,
      1.0,
      -0.32,
      -0.22,
      -0.06,
      0.11,
      -0.4
    ],
    [
      -0.17,
      -0.14,
      0.95,
      0.64,
      -0.19,
      0.07,
      -0.32,
      1.0,
      0.98,
      0.93,
      0.89,
      0.96
    ],
    [
      -0.08,
      -0.0,
      0.91,
      0.55,
      -0.1,
      -0.05,
      -0.22,
      0.98,
      1.0,
      0.94,
      0.91,
      0.96
    ],
    [
      -0.01,
      0.03,
      0.84,
      0.46,
      0.13,
      -0.06,
      -0.06,
      0.93,
      0.94,
      1.0,
      0.95,
      0.88
    ],
    [
      0.06,
      0.12,
      0.78,
      0.38,
      0.15,
      -0.1,
      0.11,
      0.89,
      0.91,
      0.95,
      1.0,
      0.83
    ],
    [
      -0.29,
      -0.22,
      0.96,
      0.71,
      -0.28,
      -0.03,
      -0.4,
      0.96,
      0.96,
      0.88,
      0.83,
      1.0
    ]
  ],
  "lookback": 50,
  "updated": "2026-05-07T15:07:37.899962"
}