{
  "pairs": [
    "EURUSD",
    "GBPUSD",
    "USDJPY",
    "USDCHF",
    "AUDUSD",
    "USDCAD",
    "NZDUSD",
    "EURJPY",
    "GBPJPY",
    "AUDJPY",
    "NZDJPY",
    "CADJPY"
  ],
  "matrix": [
    [
      1.0,
      0.62,
      -0.69,
      -0.87,
      0.68,
      -0.47,
      0.71,
      0.63,
      0.38,
      0.43,
      0.49,
      -0.17
    ],
    [
      0.62,
      1.0,
      -0.44,
      -0.77,
      0.71,
      -0.39,
      0.77,
      0.51,
      0.91,
      0.6,
      0.67,
      -0.0
    ],
    [
      -0.69,
      -0.44,
      1.0,
      0.66,
      -0.51,
      0.32,
      -0.47,
      0.09,
      -0.04,
      -0.08,
      -0.09,
      0.56
    ],
    [
      -0.87,
      -0.77,
      0.66,
      1.0,
      -0.71,
      0.48,
      -0.79,
      -0.56,
      -0.56,
      -0.48,
      -0.6,
      0.12
    ],
    [
      0.68,
      0.71,
      -0.51,
      -0.71,
      1.0,
      -0.52,
      0.87,
      0.46,
      0.56,
      0.89,
      0.74,
      0.03
    ],
    [
      -0.47,
      -0.39,
      0.32,
      0.48,
      -0.52,
      1.0,
      -0.47,
      -0.31,
      -0.29,
      -0.43,
      -0.39,
      -0.6
    ],
    [
      0.71,
      0.77,
      -0.47,
      -0.79,
      0.87,
      -0.47,
      1.0,
      0.56,
      0.64,
      0.76,
      0.92,
      0.03
    ],
    [
      0.63,
      0.51,
      0.09,
      -0.56,
      0.46,
      -0.31,
      0.56,
      1.0,
      0.61,
      0.58,
      0.67,
      0.37
    ],
    [
      0.38,
      0.91,
      -0.04,
      -0.56,
      0.56,
      -0.29,
      0.64,
      0.61,
      1.0,
      0.62,
      0.71,
      0.25
    ],
    [
      0.43,
      0.6,
      -0.08,
      -0.48,
      0.89,
      -0.43,
      0.76,
      0.58,
      0.62,
      1.0,
      0.81,
      0.32
    ],
    [
      0.49,
      0.67,
      -0.09,
      -0.6,
      0.74,
      -0.39,
      0.92,
      0.67,
      0.71,
      0.81,
      1.0,
      0.28
    ],
    [
      -0.17,
      -0.0,
      0.56,
      0.12,
      0.03,
      -0.6,
      0.03,
      0.37,
      0.25,
      0.32,
      0.28,
      1.0
    ]
  ],
  "lookback": 50,
  "updated": "2026-05-15T10:07:23.982021"
}