{
  "pairs": [
    "EURUSD",
    "GBPUSD",
    "USDJPY",
    "USDCHF",
    "AUDUSD",
    "USDCAD",
    "NZDUSD",
    "EURJPY",
    "GBPJPY",
    "AUDJPY",
    "NZDJPY",
    "CADJPY"
  ],
  "matrix": [
    [
      1.0,
      0.55,
      -0.64,
      -0.82,
      0.61,
      -0.36,
      0.65,
      0.64,
      0.35,
      0.37,
      0.44,
      -0.17
    ],
    [
      0.55,
      1.0,
      -0.36,
      -0.71,
      0.67,
      -0.27,
      0.73,
      0.49,
      0.94,
      0.56,
      0.63,
      -0.01
    ],
    [
      -0.64,
      -0.36,
      1.0,
      0.56,
      -0.42,
      0.22,
      -0.33,
      0.14,
      -0.01,
      0.0,
      0.04,
      0.56
    ],
    [
      -0.82,
      -0.71,
      0.56,
      1.0,
      -0.65,
      0.39,
      -0.74,
      -0.58,
      -0.55,
      -0.45,
      -0.56,
      0.07
    ],
    [
      0.61,
      0.67,
      -0.42,
      -0.65,
      1.0,
      -0.44,
      0.86,
      0.45,
      0.56,
      0.91,
      0.74,
      0.07
    ],
    [
      -0.36,
      -0.27,
      0.22,
      0.39,
      -0.44,
      1.0,
      -0.41,
      -0.25,
      -0.21,
      -0.37,
      -0.35,
      -0.68
    ],
    [
      0.65,
      0.73,
      -0.33,
      -0.74,
      0.86,
      -0.41,
      1.0,
      0.58,
      0.65,
      0.78,
      0.93,
      0.12
    ],
    [
      0.64,
      0.49,
      0.14,
      -0.58,
      0.45,
      -0.25,
      0.58,
      1.0,
      0.57,
      0.56,
      0.68,
      0.34
    ],
    [
      0.35,
      0.94,
      -0.01,
      -0.55,
      0.56,
      -0.21,
      0.65,
      0.57,
      1.0,
      0.6,
      0.69,
      0.2
    ],
    [
      0.37,
      0.56,
      0.0,
      -0.45,
      0.91,
      -0.37,
      0.78,
      0.56,
      0.6,
      1.0,
      0.82,
      0.33
    ],
    [
      0.44,
      0.63,
      0.04,
      -0.56,
      0.74,
      -0.35,
      0.93,
      0.68,
      0.69,
      0.82,
      1.0,
      0.34
    ],
    [
      -0.17,
      -0.01,
      0.56,
      0.07,
      0.07,
      -0.68,
      0.12,
      0.34,
      0.2,
      0.33,
      0.34,
      1.0
    ]
  ],
  "lookback": 50,
  "updated": "2026-05-16T06:37:14.984009"
}