{
  "pairs": [
    "EURUSD",
    "GBPUSD",
    "USDJPY",
    "USDCHF",
    "AUDUSD",
    "USDCAD",
    "NZDUSD",
    "EURJPY",
    "GBPJPY",
    "AUDJPY",
    "NZDJPY",
    "CADJPY"
  ],
  "matrix": [
    [
      1.0,
      0.92,
      -0.73,
      -0.79,
      0.8,
      -0.64,
      0.84,
      0.33,
      0.36,
      0.49,
      0.54,
      -0.25
    ],
    [
      0.92,
      1.0,
      -0.74,
      -0.79,
      0.83,
      -0.7,
      0.82,
      0.21,
      0.46,
      0.52,
      0.5,
      -0.2
    ],
    [
      -0.73,
      -0.74,
      1.0,
      0.7,
      -0.65,
      0.55,
      -0.7,
      0.41,
      0.26,
      -0.09,
      -0.11,
      0.64
    ],
    [
      -0.79,
      -0.79,
      0.7,
      1.0,
      -0.67,
      0.67,
      -0.74,
      -0.09,
      -0.22,
      -0.34,
      -0.43,
      0.19
    ],
    [
      0.8,
      0.83,
      -0.65,
      -0.67,
      1.0,
      -0.74,
      0.92,
      0.17,
      0.33,
      0.81,
      0.72,
      -0.06
    ],
    [
      -0.64,
      -0.7,
      0.55,
      0.67,
      -0.74,
      1.0,
      -0.74,
      -0.09,
      -0.28,
      -0.55,
      -0.55,
      -0.29
    ],
    [
      0.84,
      0.82,
      -0.7,
      -0.74,
      0.92,
      -0.74,
      1.0,
      0.16,
      0.25,
      0.67,
      0.79,
      -0.12
    ],
    [
      0.33,
      0.21,
      0.41,
      -0.09,
      0.17,
      -0.09,
      0.16,
      1.0,
      0.83,
      0.53,
      0.56,
      0.55
    ],
    [
      0.36,
      0.46,
      0.26,
      -0.22,
      0.33,
      -0.28,
      0.25,
      0.83,
      1.0,
      0.63,
      0.57,
      0.56
    ],
    [
      0.49,
      0.52,
      -0.09,
      -0.34,
      0.81,
      -0.55,
      0.67,
      0.53,
      0.63,
      1.0,
      0.86,
      0.41
    ],
    [
      0.54,
      0.5,
      -0.11,
      -0.43,
      0.72,
      -0.55,
      0.79,
      0.56,
      0.57,
      0.86,
      1.0,
      0.38
    ],
    [
      -0.25,
      -0.2,
      0.64,
      0.19,
      -0.06,
      -0.29,
      -0.12,
      0.55,
      0.56,
      0.41,
      0.38,
      1.0
    ]
  ],
  "lookback": 50,
  "updated": "2026-04-17T14:00:35.496809"
}