{
  "pairs": [
    "EURUSD",
    "GBPUSD",
    "USDJPY",
    "USDCHF",
    "AUDUSD",
    "USDCAD",
    "NZDUSD",
    "EURJPY",
    "GBPJPY",
    "AUDJPY",
    "NZDJPY",
    "CADJPY"
  ],
  "matrix": [
    [
      1.0,
      0.94,
      -0.44,
      -0.78,
      0.85,
      -0.62,
      0.83,
      -0.11,
      -0.0,
      0.04,
      0.12,
      -0.26
    ],
    [
      0.94,
      1.0,
      -0.41,
      -0.78,
      0.83,
      -0.71,
      0.84,
      -0.09,
      0.06,
      0.07,
      0.17,
      -0.2
    ],
    [
      -0.44,
      -0.41,
      1.0,
      0.8,
      -0.43,
      0.27,
      -0.54,
      0.94,
      0.89,
      0.83,
      0.76,
      0.95
    ],
    [
      -0.78,
      -0.78,
      0.8,
      1.0,
      -0.76,
      0.47,
      -0.81,
      0.58,
      0.48,
      0.4,
      0.31,
      0.68
    ],
    [
      0.85,
      0.83,
      -0.43,
      -0.76,
      1.0,
      -0.61,
      0.9,
      -0.15,
      -0.05,
      0.15,
      0.18,
      -0.26
    ],
    [
      -0.62,
      -0.71,
      0.27,
      0.47,
      -0.61,
      1.0,
      -0.56,
      0.06,
      -0.07,
      -0.08,
      -0.12,
      -0.05
    ],
    [
      0.83,
      0.84,
      -0.54,
      -0.81,
      0.9,
      -0.56,
      1.0,
      -0.28,
      -0.16,
      -0.03,
      0.14,
      -0.37
    ],
    [
      -0.11,
      -0.09,
      0.94,
      0.58,
      -0.15,
      0.06,
      -0.28,
      1.0,
      0.98,
      0.93,
      0.89,
      0.95
    ],
    [
      -0.0,
      0.06,
      0.89,
      0.48,
      -0.05,
      -0.07,
      -0.16,
      0.98,
      1.0,
      0.94,
      0.92,
      0.94
    ],
    [
      0.04,
      0.07,
      0.83,
      0.4,
      0.15,
      -0.08,
      -0.03,
      0.93,
      0.94,
      1.0,
      0.95,
      0.88
    ],
    [
      0.12,
      0.17,
      0.76,
      0.31,
      0.18,
      -0.12,
      0.14,
      0.89,
      0.92,
      0.95,
      1.0,
      0.82
    ],
    [
      -0.26,
      -0.2,
      0.95,
      0.68,
      -0.26,
      -0.05,
      -0.37,
      0.95,
      0.94,
      0.88,
      0.82,
      1.0
    ]
  ],
  "lookback": 50,
  "updated": "2026-05-08T12:35:20.126943"
}