{
  "pairs": [
    "EURUSD",
    "GBPUSD",
    "USDJPY",
    "USDCHF",
    "AUDUSD",
    "USDCAD",
    "NZDUSD",
    "EURJPY",
    "GBPJPY",
    "AUDJPY",
    "NZDJPY",
    "CADJPY"
  ],
  "matrix": [
    [
      1.0,
      0.6,
      -0.72,
      -0.87,
      0.68,
      -0.47,
      0.71,
      0.62,
      0.34,
      0.42,
      0.46,
      -0.19
    ],
    [
      0.6,
      1.0,
      -0.41,
      -0.75,
      0.74,
      -0.42,
      0.79,
      0.53,
      0.92,
      0.68,
      0.72,
      0.07
    ],
    [
      -0.72,
      -0.41,
      1.0,
      0.67,
      -0.6,
      0.37,
      -0.53,
      0.06,
      -0.01,
      -0.15,
      -0.12,
      0.52
    ],
    [
      -0.87,
      -0.75,
      0.67,
      1.0,
      -0.74,
      0.46,
      -0.82,
      -0.57,
      -0.53,
      -0.52,
      -0.63,
      0.13
    ],
    [
      0.68,
      0.74,
      -0.6,
      -0.74,
      1.0,
      -0.54,
      0.85,
      0.41,
      0.55,
      0.88,
      0.69,
      -0.0
    ],
    [
      -0.47,
      -0.42,
      0.37,
      0.46,
      -0.54,
      1.0,
      -0.5,
      -0.28,
      -0.3,
      -0.45,
      -0.39,
      -0.6
    ],
    [
      0.71,
      0.79,
      -0.53,
      -0.82,
      0.85,
      -0.5,
      1.0,
      0.53,
      0.63,
      0.73,
      0.9,
      0.02
    ],
    [
      0.62,
      0.53,
      0.06,
      -0.57,
      0.41,
      -0.28,
      0.53,
      1.0,
      0.61,
      0.53,
      0.65,
      0.33
    ],
    [
      0.34,
      0.92,
      -0.01,
      -0.53,
      0.55,
      -0.3,
      0.63,
      0.61,
      1.0,
      0.67,
      0.73,
      0.3
    ],
    [
      0.42,
      0.68,
      -0.15,
      -0.52,
      0.88,
      -0.45,
      0.73,
      0.53,
      0.67,
      1.0,
      0.78,
      0.3
    ],
    [
      0.46,
      0.72,
      -0.12,
      -0.63,
      0.69,
      -0.39,
      0.9,
      0.65,
      0.73,
      0.78,
      1.0,
      0.28
    ],
    [
      -0.19,
      0.07,
      0.52,
      0.13,
      -0.0,
      -0.6,
      0.02,
      0.33,
      0.3,
      0.3,
      0.28,
      1.0
    ]
  ],
  "lookback": 50,
  "updated": "2026-05-14T18:13:08.234545"
}