{
  "pairs": [
    "EURUSD",
    "GBPUSD",
    "USDJPY",
    "USDCHF",
    "AUDUSD",
    "USDCAD",
    "NZDUSD",
    "EURJPY",
    "GBPJPY",
    "AUDJPY",
    "NZDJPY",
    "CADJPY"
  ],
  "matrix": [
    [
      1.0,
      0.95,
      -0.84,
      -0.84,
      0.86,
      -0.69,
      0.81,
      0.44,
      0.63,
      0.65,
      0.59,
      -0.51
    ],
    [
      0.95,
      1.0,
      -0.88,
      -0.85,
      0.86,
      -0.71,
      0.85,
      0.27,
      0.67,
      0.62,
      0.62,
      -0.54
    ],
    [
      -0.84,
      -0.88,
      1.0,
      0.81,
      -0.82,
      0.67,
      -0.82,
      0.13,
      -0.23,
      -0.46,
      -0.49,
      0.74
    ],
    [
      -0.84,
      -0.85,
      0.81,
      1.0,
      -0.76,
      0.72,
      -0.78,
      -0.2,
      -0.48,
      -0.52,
      -0.56,
      0.44
    ],
    [
      0.86,
      0.86,
      -0.82,
      -0.76,
      1.0,
      -0.84,
      0.9,
      0.19,
      0.46,
      0.88,
      0.74,
      -0.35
    ],
    [
      -0.69,
      -0.71,
      0.67,
      0.72,
      -0.84,
      1.0,
      -0.81,
      -0.13,
      -0.39,
      -0.75,
      -0.72,
      0.0
    ],
    [
      0.81,
      0.85,
      -0.82,
      -0.78,
      0.9,
      -0.81,
      1.0,
      0.12,
      0.44,
      0.73,
      0.9,
      -0.38
    ],
    [
      0.44,
      0.27,
      0.13,
      -0.2,
      0.19,
      -0.13,
      0.12,
      1.0,
      0.75,
      0.41,
      0.28,
      0.29
    ],
    [
      0.63,
      0.67,
      -0.23,
      -0.48,
      0.46,
      -0.39,
      0.44,
      0.75,
      1.0,
      0.53,
      0.5,
      0.04
    ],
    [
      0.65,
      0.62,
      -0.46,
      -0.52,
      0.88,
      -0.75,
      0.73,
      0.41,
      0.53,
      1.0,
      0.76,
      0.06
    ],
    [
      0.59,
      0.62,
      -0.49,
      -0.56,
      0.74,
      -0.72,
      0.9,
      0.28,
      0.5,
      0.76,
      1.0,
      -0.01
    ],
    [
      -0.51,
      -0.54,
      0.74,
      0.44,
      -0.35,
      0.0,
      -0.38,
      0.29,
      0.04,
      0.06,
      -0.01,
      1.0
    ]
  ],
  "lookback": 50,
  "updated": "2026-04-14T14:16:14.269928"
}