{
  "pairs": [
    "EURUSD",
    "GBPUSD",
    "USDJPY",
    "USDCHF",
    "AUDUSD",
    "USDCAD",
    "NZDUSD",
    "EURJPY",
    "GBPJPY",
    "AUDJPY",
    "NZDJPY",
    "CADJPY"
  ],
  "matrix": [
    [
      1.0,
      0.62,
      -0.72,
      -0.87,
      0.68,
      -0.48,
      0.71,
      0.6,
      0.34,
      0.42,
      0.46,
      -0.16
    ],
    [
      0.62,
      1.0,
      -0.41,
      -0.78,
      0.76,
      -0.46,
      0.82,
      0.55,
      0.9,
      0.71,
      0.75,
      0.12
    ],
    [
      -0.72,
      -0.41,
      1.0,
      0.66,
      -0.62,
      0.42,
      -0.53,
      0.09,
      0.03,
      -0.19,
      -0.11,
      0.47
    ],
    [
      -0.87,
      -0.78,
      0.66,
      1.0,
      -0.73,
      0.47,
      -0.82,
      -0.56,
      -0.54,
      -0.52,
      -0.62,
      0.11
    ],
    [
      0.68,
      0.76,
      -0.62,
      -0.73,
      1.0,
      -0.59,
      0.84,
      0.36,
      0.54,
      0.89,
      0.67,
      0.04
    ],
    [
      -0.48,
      -0.46,
      0.42,
      0.47,
      -0.59,
      1.0,
      -0.52,
      -0.24,
      -0.31,
      -0.49,
      -0.38,
      -0.59
    ],
    [
      0.71,
      0.82,
      -0.53,
      -0.82,
      0.84,
      -0.52,
      1.0,
      0.51,
      0.64,
      0.73,
      0.9,
      0.05
    ],
    [
      0.6,
      0.55,
      0.09,
      -0.56,
      0.36,
      -0.24,
      0.51,
      1.0,
      0.64,
      0.5,
      0.64,
      0.33
    ],
    [
      0.34,
      0.9,
      0.03,
      -0.54,
      0.54,
      -0.31,
      0.64,
      0.64,
      1.0,
      0.69,
      0.77,
      0.36
    ],
    [
      0.42,
      0.71,
      -0.19,
      -0.52,
      0.89,
      -0.49,
      0.73,
      0.5,
      0.69,
      1.0,
      0.76,
      0.33
    ],
    [
      0.46,
      0.75,
      -0.11,
      -0.62,
      0.67,
      -0.38,
      0.9,
      0.64,
      0.77,
      0.76,
      1.0,
      0.3
    ],
    [
      -0.16,
      0.12,
      0.47,
      0.11,
      0.04,
      -0.59,
      0.05,
      0.33,
      0.36,
      0.33,
      0.3,
      1.0
    ]
  ],
  "lookback": 50,
  "updated": "2026-05-14T16:15:06.566284"
}