{
  "pairs": [
    "EURUSD",
    "GBPUSD",
    "USDJPY",
    "USDCHF",
    "AUDUSD",
    "USDCAD",
    "NZDUSD",
    "EURJPY",
    "GBPJPY",
    "AUDJPY",
    "NZDJPY",
    "CADJPY"
  ],
  "matrix": [
    [
      1.0,
      0.96,
      -0.87,
      -0.87,
      0.88,
      -0.74,
      0.83,
      0.44,
      0.62,
      0.69,
      0.61,
      -0.62
    ],
    [
      0.96,
      1.0,
      -0.9,
      -0.87,
      0.86,
      -0.71,
      0.86,
      0.3,
      0.68,
      0.63,
      0.63,
      -0.68
    ],
    [
      -0.87,
      -0.9,
      1.0,
      0.88,
      -0.86,
      0.71,
      -0.84,
      0.06,
      -0.28,
      -0.53,
      -0.53,
      0.82
    ],
    [
      -0.87,
      -0.87,
      0.88,
      1.0,
      -0.75,
      0.68,
      -0.77,
      -0.17,
      -0.44,
      -0.47,
      -0.51,
      0.67
    ],
    [
      0.88,
      0.86,
      -0.86,
      -0.75,
      1.0,
      -0.85,
      0.89,
      0.22,
      0.43,
      0.89,
      0.72,
      -0.52
    ],
    [
      -0.74,
      -0.71,
      0.71,
      0.68,
      -0.85,
      1.0,
      -0.83,
      -0.19,
      -0.34,
      -0.77,
      -0.73,
      0.18
    ],
    [
      0.83,
      0.86,
      -0.84,
      -0.77,
      0.89,
      -0.83,
      1.0,
      0.14,
      0.45,
      0.73,
      0.9,
      -0.51
    ],
    [
      0.44,
      0.3,
      0.06,
      -0.17,
      0.22,
      -0.19,
      0.14,
      1.0,
      0.75,
      0.41,
      0.27,
      0.23
    ],
    [
      0.62,
      0.68,
      -0.28,
      -0.44,
      0.43,
      -0.34,
      0.45,
      0.75,
      1.0,
      0.46,
      0.49,
      -0.12
    ],
    [
      0.69,
      0.63,
      -0.53,
      -0.47,
      0.89,
      -0.77,
      0.73,
      0.41,
      0.46,
      1.0,
      0.72,
      -0.12
    ],
    [
      0.61,
      0.63,
      -0.53,
      -0.51,
      0.72,
      -0.73,
      0.9,
      0.27,
      0.49,
      0.72,
      1.0,
      -0.15
    ],
    [
      -0.62,
      -0.68,
      0.82,
      0.67,
      -0.52,
      0.18,
      -0.51,
      0.23,
      -0.12,
      -0.12,
      -0.15,
      1.0
    ]
  ],
  "lookback": 50,
  "updated": "2026-04-13T03:54:59.765814"
}