{
  "pairs": [
    "EURUSD",
    "GBPUSD",
    "USDJPY",
    "USDCHF",
    "AUDUSD",
    "USDCAD",
    "NZDUSD",
    "EURJPY",
    "GBPJPY",
    "AUDJPY",
    "NZDJPY",
    "CADJPY"
  ],
  "matrix": [
    [
      1.0,
      0.94,
      -0.46,
      -0.9,
      0.83,
      -0.52,
      0.82,
      0.05,
      0.14,
      0.21,
      0.3,
      -0.29
    ],
    [
      0.94,
      1.0,
      -0.4,
      -0.88,
      0.8,
      -0.58,
      0.84,
      0.09,
      0.25,
      0.24,
      0.38,
      -0.19
    ],
    [
      -0.46,
      -0.4,
      1.0,
      0.59,
      -0.4,
      0.38,
      -0.48,
      0.86,
      0.79,
      0.68,
      0.56,
      0.93
    ],
    [
      -0.9,
      -0.88,
      0.59,
      1.0,
      -0.81,
      0.48,
      -0.82,
      0.14,
      0.04,
      -0.06,
      -0.17,
      0.44
    ],
    [
      0.83,
      0.8,
      -0.4,
      -0.81,
      1.0,
      -0.48,
      0.88,
      0.03,
      0.11,
      0.41,
      0.42,
      -0.24
    ],
    [
      -0.52,
      -0.58,
      0.38,
      0.48,
      -0.48,
      1.0,
      -0.51,
      0.13,
      0.02,
      0.0,
      -0.09,
      0.0
    ],
    [
      0.82,
      0.84,
      -0.48,
      -0.82,
      0.88,
      -0.51,
      1.0,
      -0.07,
      0.06,
      0.23,
      0.46,
      -0.31
    ],
    [
      0.05,
      0.09,
      0.86,
      0.14,
      0.03,
      0.13,
      -0.07,
      1.0,
      0.97,
      0.88,
      0.81,
      0.88
    ],
    [
      0.14,
      0.25,
      0.79,
      0.04,
      0.11,
      0.02,
      0.06,
      0.97,
      1.0,
      0.88,
      0.85,
      0.85
    ],
    [
      0.21,
      0.24,
      0.68,
      -0.06,
      0.41,
      0.0,
      0.23,
      0.88,
      0.88,
      1.0,
      0.9,
      0.73
    ],
    [
      0.3,
      0.38,
      0.56,
      -0.17,
      0.42,
      -0.09,
      0.46,
      0.81,
      0.85,
      0.9,
      1.0,
      0.65
    ],
    [
      -0.29,
      -0.19,
      0.93,
      0.44,
      -0.24,
      0.0,
      -0.31,
      0.88,
      0.85,
      0.73,
      0.65,
      1.0
    ]
  ],
  "lookback": 50,
  "updated": "2026-05-09T09:47:19.514260"
}