{
  "pairs": [
    "EURUSD",
    "GBPUSD",
    "USDJPY",
    "USDCHF",
    "AUDUSD",
    "USDCAD",
    "NZDUSD",
    "EURJPY",
    "GBPJPY",
    "AUDJPY",
    "NZDJPY",
    "CADJPY"
  ],
  "matrix": [
    [
      1.0,
      0.94,
      -0.43,
      -0.9,
      0.84,
      -0.5,
      0.83,
      0.1,
      0.2,
      0.27,
      0.38,
      -0.26
    ],
    [
      0.94,
      1.0,
      -0.39,
      -0.88,
      0.8,
      -0.57,
      0.84,
      0.12,
      0.28,
      0.28,
      0.43,
      -0.18
    ],
    [
      -0.43,
      -0.39,
      1.0,
      0.57,
      -0.41,
      0.34,
      -0.5,
      0.85,
      0.77,
      0.64,
      0.52,
      0.92
    ],
    [
      -0.9,
      -0.88,
      0.57,
      1.0,
      -0.82,
      0.46,
      -0.83,
      0.11,
      -0.01,
      -0.12,
      -0.24,
      0.42
    ],
    [
      0.84,
      0.8,
      -0.41,
      -0.82,
      1.0,
      -0.49,
      0.88,
      0.04,
      0.13,
      0.43,
      0.45,
      -0.24
    ],
    [
      -0.5,
      -0.57,
      0.34,
      0.46,
      -0.49,
      1.0,
      -0.52,
      0.08,
      -0.04,
      -0.06,
      -0.16,
      -0.05
    ],
    [
      0.83,
      0.84,
      -0.5,
      -0.83,
      0.88,
      -0.52,
      1.0,
      -0.06,
      0.06,
      0.24,
      0.48,
      -0.31
    ],
    [
      0.1,
      0.12,
      0.85,
      0.11,
      0.04,
      0.08,
      -0.06,
      1.0,
      0.97,
      0.87,
      0.79,
      0.87
    ],
    [
      0.2,
      0.28,
      0.77,
      -0.01,
      0.13,
      -0.04,
      0.06,
      0.97,
      1.0,
      0.87,
      0.84,
      0.83
    ],
    [
      0.27,
      0.28,
      0.64,
      -0.12,
      0.43,
      -0.06,
      0.24,
      0.87,
      0.87,
      1.0,
      0.89,
      0.71
    ],
    [
      0.38,
      0.43,
      0.52,
      -0.24,
      0.45,
      -0.16,
      0.48,
      0.79,
      0.84,
      0.89,
      1.0,
      0.62
    ],
    [
      -0.26,
      -0.18,
      0.92,
      0.42,
      -0.24,
      -0.05,
      -0.31,
      0.87,
      0.83,
      0.71,
      0.62,
      1.0
    ]
  ],
  "lookback": 50,
  "updated": "2026-05-09T13:55:41.732049"
}