{
  "pairs": [
    "EURUSD",
    "GBPUSD",
    "USDJPY",
    "USDCHF",
    "AUDUSD",
    "USDCAD",
    "NZDUSD",
    "EURJPY",
    "GBPJPY",
    "AUDJPY",
    "NZDJPY",
    "CADJPY"
  ],
  "matrix": [
    [
      1.0,
      0.83,
      -0.51,
      -0.91,
      0.75,
      -0.61,
      0.82,
      0.6,
      0.56,
      0.64,
      0.68,
      -0.02
    ],
    [
      0.83,
      1.0,
      -0.4,
      -0.76,
      0.65,
      -0.54,
      0.7,
      0.52,
      0.81,
      0.57,
      0.6,
      0.04
    ],
    [
      -0.51,
      -0.4,
      1.0,
      0.33,
      -0.61,
      0.41,
      -0.51,
      0.38,
      0.21,
      -0.21,
      -0.07,
      0.67
    ],
    [
      -0.91,
      -0.76,
      0.33,
      1.0,
      -0.62,
      0.51,
      -0.71,
      -0.66,
      -0.59,
      -0.57,
      -0.65,
      -0.08
    ],
    [
      0.75,
      0.65,
      -0.61,
      -0.62,
      1.0,
      -0.53,
      0.88,
      0.23,
      0.31,
      0.9,
      0.71,
      -0.19
    ],
    [
      -0.61,
      -0.54,
      0.41,
      0.51,
      -0.53,
      1.0,
      -0.54,
      -0.28,
      -0.31,
      -0.43,
      -0.41,
      -0.4
    ],
    [
      0.82,
      0.7,
      -0.51,
      -0.71,
      0.88,
      -0.54,
      1.0,
      0.39,
      0.42,
      0.81,
      0.89,
      -0.09
    ],
    [
      0.6,
      0.52,
      0.38,
      -0.66,
      0.23,
      -0.28,
      0.39,
      1.0,
      0.8,
      0.49,
      0.65,
      0.61
    ],
    [
      0.56,
      0.81,
      0.21,
      -0.59,
      0.31,
      -0.31,
      0.42,
      0.8,
      1.0,
      0.49,
      0.59,
      0.46
    ],
    [
      0.64,
      0.57,
      -0.21,
      -0.57,
      0.9,
      -0.43,
      0.81,
      0.49,
      0.49,
      1.0,
      0.83,
      0.13
    ],
    [
      0.68,
      0.6,
      -0.07,
      -0.65,
      0.71,
      -0.41,
      0.89,
      0.65,
      0.59,
      0.83,
      1.0,
      0.25
    ],
    [
      -0.02,
      0.04,
      0.67,
      -0.08,
      -0.19,
      -0.4,
      -0.09,
      0.61,
      0.46,
      0.13,
      0.25,
      1.0
    ]
  ],
  "lookback": 50,
  "updated": "2026-05-25T12:00:49.797564"
}