{
  "pairs": [
    "EURUSD",
    "GBPUSD",
    "USDJPY",
    "USDCHF",
    "AUDUSD",
    "USDCAD",
    "NZDUSD",
    "EURJPY",
    "GBPJPY",
    "AUDJPY",
    "NZDJPY",
    "CADJPY"
  ],
  "matrix": [
    [
      1.0,
      0.62,
      -0.53,
      -0.86,
      0.67,
      -0.49,
      0.72,
      0.63,
      0.38,
      0.47,
      0.52,
      -0.03
    ],
    [
      0.62,
      1.0,
      -0.27,
      -0.77,
      0.77,
      -0.5,
      0.83,
      0.56,
      0.89,
      0.73,
      0.76,
      0.24
    ],
    [
      -0.53,
      -0.27,
      1.0,
      0.57,
      -0.49,
      0.39,
      -0.35,
      0.3,
      0.2,
      0.02,
      0.1,
      0.54
    ],
    [
      -0.86,
      -0.77,
      0.57,
      1.0,
      -0.74,
      0.51,
      -0.81,
      -0.51,
      -0.51,
      -0.52,
      -0.6,
      0.03
    ],
    [
      0.67,
      0.77,
      -0.49,
      -0.74,
      1.0,
      -0.59,
      0.84,
      0.38,
      0.55,
      0.86,
      0.66,
      0.11
    ],
    [
      -0.49,
      -0.5,
      0.39,
      0.51,
      -0.59,
      1.0,
      -0.51,
      -0.22,
      -0.33,
      -0.45,
      -0.35,
      -0.56
    ],
    [
      0.72,
      0.83,
      -0.35,
      -0.81,
      0.84,
      -0.51,
      1.0,
      0.56,
      0.68,
      0.76,
      0.89,
      0.16
    ],
    [
      0.63,
      0.56,
      0.3,
      -0.51,
      0.38,
      -0.22,
      0.56,
      1.0,
      0.71,
      0.61,
      0.74,
      0.47
    ],
    [
      0.38,
      0.89,
      0.2,
      -0.51,
      0.55,
      -0.33,
      0.68,
      0.71,
      1.0,
      0.75,
      0.82,
      0.5
    ],
    [
      0.47,
      0.73,
      0.02,
      -0.52,
      0.86,
      -0.45,
      0.76,
      0.61,
      0.75,
      1.0,
      0.81,
      0.43
    ],
    [
      0.52,
      0.76,
      0.1,
      -0.6,
      0.66,
      -0.35,
      0.89,
      0.74,
      0.82,
      0.81,
      1.0,
      0.42
    ],
    [
      -0.03,
      0.24,
      0.54,
      0.03,
      0.11,
      -0.56,
      0.16,
      0.47,
      0.5,
      0.43,
      0.42,
      1.0
    ]
  ],
  "lookback": 50,
  "updated": "2026-05-14T09:05:15.891340"
}