{
  "pairs": [
    "EURUSD",
    "GBPUSD",
    "USDJPY",
    "USDCHF",
    "AUDUSD",
    "USDCAD",
    "NZDUSD",
    "EURJPY",
    "GBPJPY",
    "AUDJPY",
    "NZDJPY",
    "CADJPY"
  ],
  "matrix": [
    [
      1.0,
      0.48,
      -0.57,
      -0.77,
      0.58,
      -0.57,
      0.61,
      0.62,
      0.29,
      0.36,
      0.43,
      0.05
    ],
    [
      0.48,
      1.0,
      -0.28,
      -0.66,
      0.65,
      -0.33,
      0.7,
      0.44,
      0.94,
      0.56,
      0.62,
      0.1
    ],
    [
      -0.57,
      -0.28,
      1.0,
      0.47,
      -0.34,
      0.38,
      -0.26,
      0.25,
      0.06,
      0.07,
      0.1,
      0.51
    ],
    [
      -0.77,
      -0.66,
      0.47,
      1.0,
      -0.62,
      0.58,
      -0.71,
      -0.54,
      -0.52,
      -0.44,
      -0.56,
      -0.16
    ],
    [
      0.58,
      0.65,
      -0.34,
      -0.62,
      1.0,
      -0.57,
      0.85,
      0.43,
      0.55,
      0.91,
      0.75,
      0.25
    ],
    [
      -0.57,
      -0.33,
      0.38,
      0.58,
      -0.57,
      1.0,
      -0.49,
      -0.32,
      -0.21,
      -0.44,
      -0.36,
      -0.6
    ],
    [
      0.61,
      0.7,
      -0.26,
      -0.71,
      0.85,
      -0.49,
      1.0,
      0.56,
      0.63,
      0.78,
      0.93,
      0.25
    ],
    [
      0.62,
      0.44,
      0.25,
      -0.54,
      0.43,
      -0.32,
      0.56,
      1.0,
      0.55,
      0.56,
      0.67,
      0.55
    ],
    [
      0.29,
      0.94,
      0.06,
      -0.52,
      0.55,
      -0.21,
      0.63,
      0.55,
      1.0,
      0.61,
      0.67,
      0.29
    ],
    [
      0.36,
      0.56,
      0.07,
      -0.44,
      0.91,
      -0.44,
      0.78,
      0.56,
      0.61,
      1.0,
      0.83,
      0.49
    ],
    [
      0.43,
      0.62,
      0.1,
      -0.56,
      0.75,
      -0.36,
      0.93,
      0.67,
      0.67,
      0.83,
      1.0,
      0.44
    ],
    [
      0.05,
      0.1,
      0.51,
      -0.16,
      0.25,
      -0.6,
      0.25,
      0.55,
      0.29,
      0.49,
      0.44,
      1.0
    ]
  ],
  "lookback": 50,
  "updated": "2026-05-16T17:28:00.224373"
}