{
  "pairs": [
    "EURUSD",
    "GBPUSD",
    "USDJPY",
    "USDCHF",
    "AUDUSD",
    "USDCAD",
    "NZDUSD",
    "EURJPY",
    "GBPJPY",
    "AUDJPY",
    "NZDJPY",
    "CADJPY"
  ],
  "matrix": [
    [
      1.0,
      0.89,
      -0.55,
      -0.73,
      0.78,
      -0.3,
      0.79,
      0.39,
      0.41,
      0.47,
      0.46,
      -0.18
    ],
    [
      0.89,
      1.0,
      -0.66,
      -0.77,
      0.85,
      -0.35,
      0.81,
      0.15,
      0.41,
      0.46,
      0.39,
      -0.24
    ],
    [
      -0.55,
      -0.66,
      1.0,
      0.67,
      -0.49,
      0.37,
      -0.54,
      0.56,
      0.41,
      0.19,
      0.2,
      0.51
    ],
    [
      -0.73,
      -0.77,
      0.67,
      1.0,
      -0.62,
      0.58,
      -0.7,
      0.02,
      -0.12,
      -0.19,
      -0.25,
      0.04
    ],
    [
      0.78,
      0.85,
      -0.49,
      -0.62,
      1.0,
      -0.29,
      0.85,
      0.24,
      0.44,
      0.76,
      0.59,
      -0.15
    ],
    [
      -0.3,
      -0.35,
      0.37,
      0.58,
      -0.29,
      1.0,
      -0.34,
      0.11,
      0.02,
      -0.05,
      -0.09,
      -0.61
    ],
    [
      0.79,
      0.81,
      -0.54,
      -0.7,
      0.85,
      -0.34,
      1.0,
      0.19,
      0.33,
      0.56,
      0.72,
      -0.14
    ],
    [
      0.39,
      0.15,
      0.56,
      0.02,
      0.24,
      0.11,
      0.19,
      1.0,
      0.86,
      0.68,
      0.68,
      0.38
    ],
    [
      0.41,
      0.41,
      0.41,
      -0.12,
      0.44,
      0.02,
      0.33,
      0.86,
      1.0,
      0.8,
      0.72,
      0.33
    ],
    [
      0.47,
      0.46,
      0.19,
      -0.19,
      0.76,
      -0.05,
      0.56,
      0.68,
      0.8,
      1.0,
      0.81,
      0.21
    ],
    [
      0.46,
      0.39,
      0.2,
      -0.25,
      0.59,
      -0.09,
      0.72,
      0.68,
      0.72,
      0.81,
      1.0,
      0.25
    ],
    [
      -0.18,
      -0.24,
      0.51,
      0.04,
      -0.15,
      -0.61,
      -0.14,
      0.38,
      0.33,
      0.21,
      0.25,
      1.0
    ]
  ],
  "lookback": 50,
  "updated": "2026-04-21T09:54:56.735750"
}