{
  "pairs": [
    "EURUSD",
    "GBPUSD",
    "USDJPY",
    "USDCHF",
    "AUDUSD",
    "USDCAD",
    "NZDUSD",
    "EURJPY",
    "GBPJPY",
    "AUDJPY",
    "NZDJPY",
    "CADJPY"
  ],
  "matrix": [
    [
      1.0,
      0.94,
      -0.46,
      -0.74,
      0.81,
      -0.56,
      0.8,
      -0.16,
      -0.08,
      -0.01,
      0.08,
      -0.31
    ],
    [
      0.94,
      1.0,
      -0.43,
      -0.76,
      0.81,
      -0.69,
      0.81,
      -0.15,
      -0.01,
      0.02,
      0.12,
      -0.24
    ],
    [
      -0.46,
      -0.43,
      1.0,
      0.82,
      -0.42,
      0.26,
      -0.53,
      0.95,
      0.91,
      0.84,
      0.76,
      0.96
    ],
    [
      -0.74,
      -0.76,
      0.82,
      1.0,
      -0.69,
      0.45,
      -0.76,
      0.65,
      0.55,
      0.48,
      0.38,
      0.71
    ],
    [
      0.81,
      0.81,
      -0.42,
      -0.69,
      1.0,
      -0.52,
      0.9,
      -0.19,
      -0.1,
      0.14,
      0.19,
      -0.28
    ],
    [
      -0.56,
      -0.69,
      0.26,
      0.45,
      -0.52,
      1.0,
      -0.51,
      0.09,
      -0.03,
      -0.03,
      -0.09,
      -0.03
    ],
    [
      0.8,
      0.81,
      -0.53,
      -0.76,
      0.9,
      -0.51,
      1.0,
      -0.31,
      -0.21,
      -0.04,
      0.15,
      -0.4
    ],
    [
      -0.16,
      -0.15,
      0.95,
      0.65,
      -0.19,
      0.09,
      -0.31,
      1.0,
      0.98,
      0.93,
      0.87,
      0.96
    ],
    [
      -0.08,
      -0.01,
      0.91,
      0.55,
      -0.1,
      -0.03,
      -0.21,
      0.98,
      1.0,
      0.94,
      0.9,
      0.95
    ],
    [
      -0.01,
      0.02,
      0.84,
      0.48,
      0.14,
      -0.03,
      -0.04,
      0.93,
      0.94,
      1.0,
      0.95,
      0.87
    ],
    [
      0.08,
      0.12,
      0.76,
      0.38,
      0.19,
      -0.09,
      0.15,
      0.87,
      0.9,
      0.95,
      1.0,
      0.81
    ],
    [
      -0.31,
      -0.24,
      0.96,
      0.71,
      -0.28,
      -0.03,
      -0.4,
      0.96,
      0.95,
      0.87,
      0.81,
      1.0
    ]
  ],
  "lookback": 50,
  "updated": "2026-05-06T11:46:45.813290"
}