{
  "pairs": [
    "EURUSD",
    "GBPUSD",
    "USDJPY",
    "USDCHF",
    "AUDUSD",
    "USDCAD",
    "NZDUSD",
    "EURJPY",
    "GBPJPY",
    "AUDJPY",
    "NZDJPY",
    "CADJPY"
  ],
  "matrix": [
    [
      1.0,
      0.64,
      -0.6,
      -0.85,
      0.67,
      -0.62,
      0.76,
      0.57,
      0.43,
      0.49,
      0.6,
      -0.02
    ],
    [
      0.64,
      1.0,
      -0.38,
      -0.7,
      0.61,
      -0.38,
      0.68,
      0.42,
      0.92,
      0.53,
      0.61,
      -0.01
    ],
    [
      -0.6,
      -0.38,
      1.0,
      0.54,
      -0.53,
      0.45,
      -0.47,
      0.3,
      0.02,
      -0.14,
      -0.1,
      0.59
    ],
    [
      -0.85,
      -0.7,
      0.54,
      1.0,
      -0.62,
      0.63,
      -0.72,
      -0.48,
      -0.53,
      -0.47,
      -0.58,
      -0.05
    ],
    [
      0.67,
      0.61,
      -0.53,
      -0.62,
      1.0,
      -0.6,
      0.88,
      0.29,
      0.43,
      0.91,
      0.76,
      0.03
    ],
    [
      -0.62,
      -0.38,
      0.45,
      0.63,
      -0.6,
      1.0,
      -0.55,
      -0.26,
      -0.22,
      -0.49,
      -0.42,
      -0.46
    ],
    [
      0.76,
      0.68,
      -0.47,
      -0.72,
      0.88,
      -0.55,
      1.0,
      0.45,
      0.53,
      0.79,
      0.93,
      0.04
    ],
    [
      0.57,
      0.42,
      0.3,
      -0.48,
      0.29,
      -0.26,
      0.45,
      1.0,
      0.59,
      0.48,
      0.64,
      0.56
    ],
    [
      0.43,
      0.92,
      0.02,
      -0.53,
      0.43,
      -0.22,
      0.53,
      0.59,
      1.0,
      0.5,
      0.6,
      0.24
    ],
    [
      0.49,
      0.53,
      -0.14,
      -0.47,
      0.91,
      -0.49,
      0.79,
      0.48,
      0.5,
      1.0,
      0.83,
      0.31
    ],
    [
      0.6,
      0.61,
      -0.1,
      -0.58,
      0.76,
      -0.42,
      0.93,
      0.64,
      0.6,
      0.83,
      1.0,
      0.29
    ],
    [
      -0.02,
      -0.01,
      0.59,
      -0.05,
      0.03,
      -0.46,
      0.04,
      0.56,
      0.24,
      0.31,
      0.29,
      1.0
    ]
  ],
  "lookback": 50,
  "updated": "2026-05-19T04:36:49.476845"
}