{
  "pairs": [
    "EURUSD",
    "GBPUSD",
    "USDJPY",
    "USDCHF",
    "AUDUSD",
    "USDCAD",
    "NZDUSD",
    "EURJPY",
    "GBPJPY",
    "AUDJPY",
    "NZDJPY",
    "CADJPY"
  ],
  "matrix": [
    [
      1.0,
      0.93,
      -0.46,
      -0.74,
      0.81,
      -0.53,
      0.8,
      -0.16,
      -0.08,
      -0.01,
      0.08,
      -0.32
    ],
    [
      0.93,
      1.0,
      -0.43,
      -0.76,
      0.81,
      -0.67,
      0.81,
      -0.15,
      -0.01,
      0.02,
      0.12,
      -0.24
    ],
    [
      -0.46,
      -0.43,
      1.0,
      0.82,
      -0.42,
      0.25,
      -0.53,
      0.95,
      0.91,
      0.84,
      0.76,
      0.96
    ],
    [
      -0.74,
      -0.76,
      0.82,
      1.0,
      -0.69,
      0.43,
      -0.76,
      0.64,
      0.55,
      0.48,
      0.37,
      0.72
    ],
    [
      0.81,
      0.81,
      -0.42,
      -0.69,
      1.0,
      -0.5,
      0.9,
      -0.18,
      -0.09,
      0.14,
      0.2,
      -0.29
    ],
    [
      -0.53,
      -0.67,
      0.25,
      0.43,
      -0.5,
      1.0,
      -0.5,
      0.09,
      -0.03,
      -0.03,
      -0.1,
      -0.04
    ],
    [
      0.8,
      0.81,
      -0.53,
      -0.76,
      0.9,
      -0.5,
      1.0,
      -0.31,
      -0.21,
      -0.04,
      0.15,
      -0.4
    ],
    [
      -0.16,
      -0.15,
      0.95,
      0.64,
      -0.18,
      0.09,
      -0.31,
      1.0,
      0.98,
      0.93,
      0.87,
      0.95
    ],
    [
      -0.08,
      -0.01,
      0.91,
      0.55,
      -0.09,
      -0.03,
      -0.21,
      0.98,
      1.0,
      0.94,
      0.9,
      0.95
    ],
    [
      -0.01,
      0.02,
      0.84,
      0.48,
      0.14,
      -0.03,
      -0.04,
      0.93,
      0.94,
      1.0,
      0.95,
      0.87
    ],
    [
      0.08,
      0.12,
      0.76,
      0.37,
      0.2,
      -0.1,
      0.15,
      0.87,
      0.9,
      0.95,
      1.0,
      0.81
    ],
    [
      -0.32,
      -0.24,
      0.96,
      0.72,
      -0.29,
      -0.04,
      -0.4,
      0.95,
      0.95,
      0.87,
      0.81,
      1.0
    ]
  ],
  "lookback": 50,
  "updated": "2026-05-06T11:38:21.882177"
}