{
  "pairs": [
    "EURUSD",
    "GBPUSD",
    "USDJPY",
    "USDCHF",
    "AUDUSD",
    "USDCAD",
    "NZDUSD",
    "EURJPY",
    "GBPJPY",
    "AUDJPY",
    "NZDJPY",
    "CADJPY"
  ],
  "matrix": [
    [
      1.0,
      0.86,
      -0.52,
      -0.76,
      0.81,
      -0.21,
      0.79,
      0.42,
      0.34,
      0.47,
      0.48,
      -0.23
    ],
    [
      0.86,
      1.0,
      -0.56,
      -0.78,
      0.88,
      -0.23,
      0.83,
      0.24,
      0.44,
      0.51,
      0.5,
      -0.25
    ],
    [
      -0.52,
      -0.56,
      1.0,
      0.61,
      -0.45,
      0.19,
      -0.5,
      0.55,
      0.5,
      0.28,
      0.22,
      0.61
    ],
    [
      -0.76,
      -0.78,
      0.61,
      1.0,
      -0.6,
      0.51,
      -0.66,
      -0.1,
      -0.15,
      -0.18,
      -0.26,
      0.05
    ],
    [
      0.81,
      0.88,
      -0.45,
      -0.6,
      1.0,
      -0.08,
      0.84,
      0.31,
      0.44,
      0.73,
      0.59,
      -0.28
    ],
    [
      -0.21,
      -0.23,
      0.19,
      0.51,
      -0.08,
      1.0,
      -0.2,
      -0.0,
      -0.03,
      0.06,
      -0.08,
      -0.67
    ],
    [
      0.79,
      0.83,
      -0.5,
      -0.66,
      0.84,
      -0.2,
      1.0,
      0.24,
      0.33,
      0.52,
      0.74,
      -0.22
    ],
    [
      0.42,
      0.24,
      0.55,
      -0.1,
      0.31,
      -0.0,
      0.24,
      1.0,
      0.85,
      0.76,
      0.7,
      0.42
    ],
    [
      0.34,
      0.44,
      0.5,
      -0.15,
      0.44,
      -0.03,
      0.33,
      0.85,
      1.0,
      0.85,
      0.76,
      0.4
    ],
    [
      0.47,
      0.51,
      0.28,
      -0.18,
      0.73,
      0.06,
      0.52,
      0.76,
      0.85,
      1.0,
      0.8,
      0.16
    ],
    [
      0.48,
      0.5,
      0.22,
      -0.26,
      0.59,
      -0.08,
      0.74,
      0.7,
      0.76,
      0.8,
      1.0,
      0.23
    ],
    [
      -0.23,
      -0.25,
      0.61,
      0.05,
      -0.28,
      -0.67,
      -0.22,
      0.42,
      0.4,
      0.16,
      0.23,
      1.0
    ]
  ],
  "lookback": 50,
  "updated": "2026-04-24T09:56:46.561688"
}