{
  "pairs": [
    "EURUSD",
    "GBPUSD",
    "USDJPY",
    "USDCHF",
    "AUDUSD",
    "USDCAD",
    "NZDUSD",
    "EURJPY",
    "GBPJPY",
    "AUDJPY",
    "NZDJPY",
    "CADJPY"
  ],
  "matrix": [
    [
      1.0,
      0.82,
      -0.47,
      -0.9,
      0.74,
      -0.59,
      0.81,
      0.61,
      0.57,
      0.63,
      0.68,
      -0.01
    ],
    [
      0.82,
      1.0,
      -0.38,
      -0.75,
      0.64,
      -0.52,
      0.68,
      0.51,
      0.82,
      0.56,
      0.59,
      0.05
    ],
    [
      -0.47,
      -0.38,
      1.0,
      0.32,
      -0.56,
      0.44,
      -0.47,
      0.41,
      0.23,
      -0.14,
      -0.05,
      0.67
    ],
    [
      -0.9,
      -0.75,
      0.32,
      1.0,
      -0.62,
      0.46,
      -0.69,
      -0.64,
      -0.58,
      -0.56,
      -0.63,
      -0.04
    ],
    [
      0.74,
      0.64,
      -0.56,
      -0.62,
      1.0,
      -0.56,
      0.88,
      0.25,
      0.32,
      0.9,
      0.73,
      -0.13
    ],
    [
      -0.59,
      -0.52,
      0.44,
      0.46,
      -0.56,
      1.0,
      -0.52,
      -0.21,
      -0.28,
      -0.44,
      -0.37,
      -0.36
    ],
    [
      0.81,
      0.68,
      -0.47,
      -0.69,
      0.88,
      -0.52,
      1.0,
      0.39,
      0.42,
      0.8,
      0.9,
      -0.07
    ],
    [
      0.61,
      0.51,
      0.41,
      -0.64,
      0.25,
      -0.21,
      0.39,
      1.0,
      0.79,
      0.52,
      0.65,
      0.6
    ],
    [
      0.57,
      0.82,
      0.23,
      -0.58,
      0.32,
      -0.28,
      0.42,
      0.79,
      1.0,
      0.5,
      0.58,
      0.47
    ],
    [
      0.63,
      0.56,
      -0.14,
      -0.56,
      0.9,
      -0.44,
      0.8,
      0.52,
      0.5,
      1.0,
      0.84,
      0.21
    ],
    [
      0.68,
      0.59,
      -0.05,
      -0.63,
      0.73,
      -0.37,
      0.9,
      0.65,
      0.58,
      0.84,
      1.0,
      0.25
    ],
    [
      -0.01,
      0.05,
      0.67,
      -0.04,
      -0.13,
      -0.36,
      -0.07,
      0.6,
      0.47,
      0.21,
      0.25,
      1.0
    ]
  ],
  "lookback": 50,
  "updated": "2026-05-24T17:28:13.412345"
}