{
  "pairs": [
    "EURUSD",
    "GBPUSD",
    "USDJPY",
    "USDCHF",
    "AUDUSD",
    "USDCAD",
    "NZDUSD",
    "EURJPY",
    "GBPJPY",
    "AUDJPY",
    "NZDJPY",
    "CADJPY"
  ],
  "matrix": [
    [
      1.0,
      0.73,
      -0.45,
      -0.86,
      0.67,
      -0.54,
      0.76,
      0.64,
      0.6,
      0.56,
      0.65,
      -0.0
    ],
    [
      0.73,
      1.0,
      -0.49,
      -0.66,
      0.58,
      -0.25,
      0.64,
      0.33,
      0.89,
      0.43,
      0.5,
      -0.26
    ],
    [
      -0.45,
      -0.49,
      1.0,
      0.32,
      -0.48,
      0.31,
      -0.41,
      0.4,
      -0.04,
      -0.09,
      -0.04,
      0.69
    ],
    [
      -0.86,
      -0.66,
      0.32,
      1.0,
      -0.54,
      0.43,
      -0.67,
      -0.61,
      -0.6,
      -0.47,
      -0.61,
      -0.03
    ],
    [
      0.67,
      0.58,
      -0.48,
      -0.54,
      1.0,
      -0.55,
      0.85,
      0.26,
      0.41,
      0.92,
      0.73,
      -0.04
    ],
    [
      -0.54,
      -0.25,
      0.31,
      0.43,
      -0.55,
      1.0,
      -0.47,
      -0.29,
      -0.12,
      -0.49,
      -0.39,
      -0.47
    ],
    [
      0.76,
      0.64,
      -0.41,
      -0.67,
      0.85,
      -0.47,
      1.0,
      0.42,
      0.51,
      0.78,
      0.93,
      -0.03
    ],
    [
      0.64,
      0.33,
      0.4,
      -0.61,
      0.26,
      -0.29,
      0.42,
      1.0,
      0.59,
      0.48,
      0.63,
      0.59
    ],
    [
      0.6,
      0.89,
      -0.04,
      -0.6,
      0.41,
      -0.12,
      0.51,
      0.59,
      1.0,
      0.44,
      0.55,
      0.07
    ],
    [
      0.56,
      0.43,
      -0.09,
      -0.47,
      0.92,
      -0.49,
      0.78,
      0.48,
      0.44,
      1.0,
      0.82,
      0.27
    ],
    [
      0.65,
      0.5,
      -0.04,
      -0.61,
      0.73,
      -0.39,
      0.93,
      0.63,
      0.55,
      0.82,
      1.0,
      0.25
    ],
    [
      -0.0,
      -0.26,
      0.69,
      -0.03,
      -0.04,
      -0.47,
      -0.03,
      0.59,
      0.07,
      0.27,
      0.25,
      1.0
    ]
  ],
  "lookback": 50,
  "updated": "2026-05-21T04:48:48.406992"
}