{
  "pairs": [
    "EURUSD",
    "GBPUSD",
    "USDJPY",
    "USDCHF",
    "AUDUSD",
    "USDCAD",
    "NZDUSD",
    "EURJPY",
    "GBPJPY",
    "AUDJPY",
    "NZDJPY",
    "CADJPY"
  ],
  "matrix": [
    [
      1.0,
      0.84,
      -0.47,
      -0.72,
      0.81,
      -0.66,
      0.81,
      -0.14,
      -0.13,
      0.0,
      0.08,
      -0.22
    ],
    [
      0.84,
      1.0,
      -0.43,
      -0.71,
      0.82,
      -0.7,
      0.82,
      -0.16,
      -0.01,
      0.05,
      0.13,
      -0.17
    ],
    [
      -0.47,
      -0.43,
      1.0,
      0.77,
      -0.46,
      0.15,
      -0.55,
      0.94,
      0.91,
      0.82,
      0.76,
      0.93
    ],
    [
      -0.72,
      -0.71,
      0.77,
      1.0,
      -0.66,
      0.46,
      -0.73,
      0.59,
      0.52,
      0.43,
      0.35,
      0.6
    ],
    [
      0.81,
      0.82,
      -0.46,
      -0.66,
      1.0,
      -0.61,
      0.92,
      -0.2,
      -0.13,
      0.13,
      0.18,
      -0.23
    ],
    [
      -0.66,
      -0.7,
      0.15,
      0.46,
      -0.61,
      1.0,
      -0.66,
      -0.08,
      -0.16,
      -0.22,
      -0.33,
      -0.22
    ],
    [
      0.81,
      0.82,
      -0.55,
      -0.73,
      0.92,
      -0.66,
      1.0,
      -0.3,
      -0.22,
      -0.02,
      0.13,
      -0.3
    ],
    [
      -0.14,
      -0.16,
      0.94,
      0.59,
      -0.2,
      -0.08,
      -0.3,
      1.0,
      0.97,
      0.92,
      0.88,
      0.96
    ],
    [
      -0.13,
      -0.01,
      0.91,
      0.52,
      -0.13,
      -0.16,
      -0.22,
      0.97,
      1.0,
      0.93,
      0.9,
      0.95
    ],
    [
      0.0,
      0.05,
      0.82,
      0.43,
      0.13,
      -0.22,
      -0.02,
      0.92,
      0.93,
      1.0,
      0.96,
      0.89
    ],
    [
      0.08,
      0.13,
      0.76,
      0.35,
      0.18,
      -0.33,
      0.13,
      0.88,
      0.9,
      0.96,
      1.0,
      0.87
    ],
    [
      -0.22,
      -0.17,
      0.93,
      0.6,
      -0.23,
      -0.22,
      -0.3,
      0.96,
      0.95,
      0.89,
      0.87,
      1.0
    ]
  ],
  "lookback": 50,
  "updated": "2026-04-30T20:00:57.028870"
}