{
  "pairs": [
    "EURUSD",
    "GBPUSD",
    "USDJPY",
    "USDCHF",
    "AUDUSD",
    "USDCAD",
    "NZDUSD",
    "EURJPY",
    "GBPJPY",
    "AUDJPY",
    "NZDJPY",
    "CADJPY"
  ],
  "matrix": [
    [
      1.0,
      0.94,
      -0.44,
      -0.78,
      0.84,
      -0.66,
      0.83,
      -0.11,
      -0.0,
      0.04,
      0.12,
      -0.25
    ],
    [
      0.94,
      1.0,
      -0.41,
      -0.78,
      0.83,
      -0.73,
      0.84,
      -0.09,
      0.06,
      0.06,
      0.17,
      -0.2
    ],
    [
      -0.44,
      -0.41,
      1.0,
      0.8,
      -0.43,
      0.27,
      -0.54,
      0.94,
      0.89,
      0.83,
      0.76,
      0.95
    ],
    [
      -0.78,
      -0.78,
      0.8,
      1.0,
      -0.76,
      0.48,
      -0.81,
      0.58,
      0.48,
      0.4,
      0.31,
      0.68
    ],
    [
      0.84,
      0.83,
      -0.43,
      -0.76,
      1.0,
      -0.64,
      0.9,
      -0.16,
      -0.05,
      0.14,
      0.18,
      -0.25
    ],
    [
      -0.66,
      -0.73,
      0.27,
      0.48,
      -0.64,
      1.0,
      -0.58,
      0.05,
      -0.07,
      -0.09,
      -0.12,
      -0.03
    ],
    [
      0.83,
      0.84,
      -0.54,
      -0.81,
      0.9,
      -0.58,
      1.0,
      -0.28,
      -0.16,
      -0.03,
      0.14,
      -0.38
    ],
    [
      -0.11,
      -0.09,
      0.94,
      0.58,
      -0.16,
      0.05,
      -0.28,
      1.0,
      0.98,
      0.94,
      0.89,
      0.96
    ],
    [
      -0.0,
      0.06,
      0.89,
      0.48,
      -0.05,
      -0.07,
      -0.16,
      0.98,
      1.0,
      0.94,
      0.92,
      0.94
    ],
    [
      0.04,
      0.06,
      0.83,
      0.4,
      0.14,
      -0.09,
      -0.03,
      0.94,
      0.94,
      1.0,
      0.95,
      0.89
    ],
    [
      0.12,
      0.17,
      0.76,
      0.31,
      0.18,
      -0.12,
      0.14,
      0.89,
      0.92,
      0.95,
      1.0,
      0.83
    ],
    [
      -0.25,
      -0.2,
      0.95,
      0.68,
      -0.25,
      -0.03,
      -0.38,
      0.96,
      0.94,
      0.89,
      0.83,
      1.0
    ]
  ],
  "lookback": 50,
  "updated": "2026-05-08T09:07:42.540254"
}