{
  "pairs": [
    "EURUSD",
    "GBPUSD",
    "USDJPY",
    "USDCHF",
    "AUDUSD",
    "USDCAD",
    "NZDUSD",
    "EURJPY",
    "GBPJPY",
    "AUDJPY",
    "NZDJPY",
    "CADJPY"
  ],
  "matrix": [
    [
      1.0,
      0.86,
      -0.47,
      -0.72,
      0.82,
      -0.67,
      0.81,
      -0.16,
      -0.14,
      -0.02,
      0.04,
      -0.22
    ],
    [
      0.86,
      1.0,
      -0.43,
      -0.72,
      0.81,
      -0.71,
      0.81,
      -0.16,
      -0.02,
      0.03,
      0.1,
      -0.17
    ],
    [
      -0.47,
      -0.43,
      1.0,
      0.78,
      -0.45,
      0.17,
      -0.54,
      0.95,
      0.91,
      0.83,
      0.78,
      0.93
    ],
    [
      -0.72,
      -0.72,
      0.78,
      1.0,
      -0.68,
      0.47,
      -0.75,
      0.61,
      0.54,
      0.45,
      0.37,
      0.61
    ],
    [
      0.82,
      0.81,
      -0.45,
      -0.68,
      1.0,
      -0.62,
      0.93,
      -0.2,
      -0.14,
      0.12,
      0.15,
      -0.23
    ],
    [
      -0.67,
      -0.71,
      0.17,
      0.47,
      -0.62,
      1.0,
      -0.68,
      -0.06,
      -0.13,
      -0.2,
      -0.31,
      -0.2
    ],
    [
      0.81,
      0.81,
      -0.54,
      -0.75,
      0.93,
      -0.68,
      1.0,
      -0.31,
      -0.23,
      -0.03,
      0.1,
      -0.29
    ],
    [
      -0.16,
      -0.16,
      0.95,
      0.61,
      -0.2,
      -0.06,
      -0.31,
      1.0,
      0.97,
      0.93,
      0.89,
      0.96
    ],
    [
      -0.14,
      -0.02,
      0.91,
      0.54,
      -0.14,
      -0.13,
      -0.23,
      0.97,
      1.0,
      0.93,
      0.91,
      0.96
    ],
    [
      -0.02,
      0.03,
      0.83,
      0.45,
      0.12,
      -0.2,
      -0.03,
      0.93,
      0.93,
      1.0,
      0.96,
      0.9
    ],
    [
      0.04,
      0.1,
      0.78,
      0.37,
      0.15,
      -0.31,
      0.1,
      0.89,
      0.91,
      0.96,
      1.0,
      0.89
    ],
    [
      -0.22,
      -0.17,
      0.93,
      0.61,
      -0.23,
      -0.2,
      -0.29,
      0.96,
      0.96,
      0.9,
      0.89,
      1.0
    ]
  ],
  "lookback": 50,
  "updated": "2026-05-01T13:57:06.981535"
}