{
  "pairs": [
    "EURUSD",
    "GBPUSD",
    "USDJPY",
    "USDCHF",
    "AUDUSD",
    "USDCAD",
    "NZDUSD",
    "EURJPY",
    "GBPJPY",
    "AUDJPY",
    "NZDJPY",
    "CADJPY"
  ],
  "matrix": [
    [
      1.0,
      0.94,
      -0.82,
      -0.86,
      0.84,
      -0.69,
      0.81,
      0.38,
      0.57,
      0.61,
      0.59,
      -0.45
    ],
    [
      0.94,
      1.0,
      -0.86,
      -0.87,
      0.84,
      -0.73,
      0.85,
      0.21,
      0.62,
      0.57,
      0.61,
      -0.49
    ],
    [
      -0.82,
      -0.86,
      1.0,
      0.81,
      -0.8,
      0.68,
      -0.81,
      0.22,
      -0.14,
      -0.38,
      -0.45,
      0.71
    ],
    [
      -0.86,
      -0.87,
      0.81,
      1.0,
      -0.76,
      0.72,
      -0.78,
      -0.14,
      -0.45,
      -0.48,
      -0.54,
      0.42
    ],
    [
      0.84,
      0.84,
      -0.8,
      -0.76,
      1.0,
      -0.83,
      0.9,
      0.15,
      0.41,
      0.86,
      0.74,
      -0.29
    ],
    [
      -0.69,
      -0.73,
      0.68,
      0.72,
      -0.83,
      1.0,
      -0.8,
      -0.08,
      -0.36,
      -0.7,
      -0.69,
      -0.03
    ],
    [
      0.81,
      0.85,
      -0.81,
      -0.78,
      0.9,
      -0.8,
      1.0,
      0.07,
      0.4,
      0.69,
      0.89,
      -0.35
    ],
    [
      0.38,
      0.21,
      0.22,
      -0.14,
      0.15,
      -0.08,
      0.07,
      1.0,
      0.75,
      0.41,
      0.27,
      0.38
    ],
    [
      0.57,
      0.62,
      -0.14,
      -0.45,
      0.41,
      -0.36,
      0.4,
      0.75,
      1.0,
      0.52,
      0.5,
      0.16
    ],
    [
      0.61,
      0.57,
      -0.38,
      -0.48,
      0.86,
      -0.7,
      0.69,
      0.41,
      0.52,
      1.0,
      0.75,
      0.15
    ],
    [
      0.59,
      0.61,
      -0.45,
      -0.54,
      0.74,
      -0.69,
      0.89,
      0.27,
      0.5,
      0.75,
      1.0,
      0.04
    ],
    [
      -0.45,
      -0.49,
      0.71,
      0.42,
      -0.29,
      -0.03,
      -0.35,
      0.38,
      0.16,
      0.15,
      0.04,
      1.0
    ]
  ],
  "lookback": 50,
  "updated": "2026-04-15T14:07:34.913084"
}