{
  "pairs": [
    "EURUSD",
    "GBPUSD",
    "USDJPY",
    "USDCHF",
    "AUDUSD",
    "USDCAD",
    "NZDUSD",
    "EURJPY",
    "GBPJPY",
    "AUDJPY",
    "NZDJPY",
    "CADJPY"
  ],
  "matrix": [
    [
      1.0,
      0.86,
      -0.49,
      -0.71,
      0.85,
      -0.67,
      0.83,
      -0.19,
      -0.15,
      -0.01,
      0.05,
      -0.24
    ],
    [
      0.86,
      1.0,
      -0.44,
      -0.73,
      0.82,
      -0.71,
      0.82,
      -0.19,
      -0.05,
      0.02,
      0.09,
      -0.19
    ],
    [
      -0.49,
      -0.44,
      1.0,
      0.76,
      -0.47,
      0.16,
      -0.54,
      0.95,
      0.92,
      0.83,
      0.77,
      0.94
    ],
    [
      -0.71,
      -0.73,
      0.76,
      1.0,
      -0.7,
      0.46,
      -0.75,
      0.6,
      0.52,
      0.42,
      0.34,
      0.59
    ],
    [
      0.85,
      0.82,
      -0.47,
      -0.7,
      1.0,
      -0.63,
      0.92,
      -0.23,
      -0.16,
      0.1,
      0.14,
      -0.25
    ],
    [
      -0.67,
      -0.71,
      0.16,
      0.46,
      -0.63,
      1.0,
      -0.67,
      -0.06,
      -0.14,
      -0.21,
      -0.31,
      -0.2
    ],
    [
      0.83,
      0.82,
      -0.54,
      -0.75,
      0.92,
      -0.67,
      1.0,
      -0.31,
      -0.23,
      -0.03,
      0.11,
      -0.3
    ],
    [
      -0.19,
      -0.19,
      0.95,
      0.6,
      -0.23,
      -0.06,
      -0.31,
      1.0,
      0.97,
      0.93,
      0.89,
      0.96
    ],
    [
      -0.15,
      -0.05,
      0.92,
      0.52,
      -0.16,
      -0.14,
      -0.23,
      0.97,
      1.0,
      0.93,
      0.91,
      0.96
    ],
    [
      -0.01,
      0.02,
      0.83,
      0.42,
      0.1,
      -0.21,
      -0.03,
      0.93,
      0.93,
      1.0,
      0.96,
      0.9
    ],
    [
      0.05,
      0.09,
      0.77,
      0.34,
      0.14,
      -0.31,
      0.11,
      0.89,
      0.91,
      0.96,
      1.0,
      0.88
    ],
    [
      -0.24,
      -0.19,
      0.94,
      0.59,
      -0.25,
      -0.2,
      -0.3,
      0.96,
      0.96,
      0.9,
      0.88,
      1.0
    ]
  ],
  "lookback": 50,
  "updated": "2026-05-01T07:24:33.199116"
}