{
  "pairs": [
    "EURUSD",
    "GBPUSD",
    "USDJPY",
    "USDCHF",
    "AUDUSD",
    "USDCAD",
    "NZDUSD",
    "EURJPY",
    "GBPJPY",
    "AUDJPY",
    "NZDJPY",
    "CADJPY"
  ],
  "matrix": [
    [
      1.0,
      0.91,
      -0.48,
      -0.75,
      0.8,
      -0.63,
      0.76,
      -0.15,
      -0.09,
      -0.02,
      0.03,
      -0.25
    ],
    [
      0.91,
      1.0,
      -0.49,
      -0.75,
      0.8,
      -0.67,
      0.76,
      -0.2,
      -0.06,
      -0.03,
      0.02,
      -0.25
    ],
    [
      -0.48,
      -0.49,
      1.0,
      0.84,
      -0.41,
      0.19,
      -0.5,
      0.94,
      0.9,
      0.82,
      0.75,
      0.93
    ],
    [
      -0.75,
      -0.75,
      0.84,
      1.0,
      -0.69,
      0.43,
      -0.74,
      0.65,
      0.58,
      0.47,
      0.38,
      0.68
    ],
    [
      0.8,
      0.8,
      -0.41,
      -0.69,
      1.0,
      -0.52,
      0.91,
      -0.15,
      -0.07,
      0.18,
      0.23,
      -0.22
    ],
    [
      -0.63,
      -0.67,
      0.19,
      0.43,
      -0.52,
      1.0,
      -0.57,
      -0.03,
      -0.12,
      -0.12,
      -0.22,
      -0.18
    ],
    [
      0.76,
      0.76,
      -0.5,
      -0.74,
      0.91,
      -0.57,
      1.0,
      -0.26,
      -0.19,
      0.03,
      0.2,
      -0.29
    ],
    [
      -0.15,
      -0.2,
      0.94,
      0.65,
      -0.15,
      -0.03,
      -0.26,
      1.0,
      0.98,
      0.92,
      0.86,
      0.95
    ],
    [
      -0.09,
      -0.06,
      0.9,
      0.58,
      -0.07,
      -0.12,
      -0.19,
      0.98,
      1.0,
      0.93,
      0.87,
      0.94
    ],
    [
      -0.02,
      -0.03,
      0.82,
      0.47,
      0.18,
      -0.12,
      0.03,
      0.92,
      0.93,
      1.0,
      0.95,
      0.87
    ],
    [
      0.03,
      0.02,
      0.75,
      0.38,
      0.23,
      -0.22,
      0.2,
      0.86,
      0.87,
      0.95,
      1.0,
      0.83
    ],
    [
      -0.25,
      -0.25,
      0.93,
      0.68,
      -0.22,
      -0.18,
      -0.29,
      0.95,
      0.94,
      0.87,
      0.83,
      1.0
    ]
  ],
  "lookback": 50,
  "updated": "2026-05-05T03:53:05.960505"
}