{
  "pairs": [
    "EURUSD",
    "GBPUSD",
    "USDJPY",
    "USDCHF",
    "AUDUSD",
    "USDCAD",
    "NZDUSD",
    "EURJPY",
    "GBPJPY",
    "AUDJPY",
    "NZDJPY",
    "CADJPY"
  ],
  "matrix": [
    [
      1.0,
      0.94,
      -0.47,
      -0.77,
      0.83,
      -0.62,
      0.83,
      -0.17,
      -0.07,
      -0.01,
      0.08,
      -0.31
    ],
    [
      0.94,
      1.0,
      -0.44,
      -0.77,
      0.82,
      -0.72,
      0.84,
      -0.15,
      -0.0,
      0.02,
      0.13,
      -0.24
    ],
    [
      -0.47,
      -0.44,
      1.0,
      0.81,
      -0.45,
      0.27,
      -0.55,
      0.95,
      0.9,
      0.83,
      0.76,
      0.96
    ],
    [
      -0.77,
      -0.77,
      0.81,
      1.0,
      -0.73,
      0.45,
      -0.79,
      0.63,
      0.53,
      0.45,
      0.35,
      0.71
    ],
    [
      0.83,
      0.82,
      -0.45,
      -0.73,
      1.0,
      -0.57,
      0.9,
      -0.2,
      -0.1,
      0.12,
      0.16,
      -0.3
    ],
    [
      -0.62,
      -0.72,
      0.27,
      0.45,
      -0.57,
      1.0,
      -0.54,
      0.08,
      -0.05,
      -0.05,
      -0.1,
      -0.02
    ],
    [
      0.83,
      0.84,
      -0.55,
      -0.79,
      0.9,
      -0.54,
      1.0,
      -0.32,
      -0.2,
      -0.05,
      0.12,
      -0.41
    ],
    [
      -0.17,
      -0.15,
      0.95,
      0.63,
      -0.2,
      0.08,
      -0.32,
      1.0,
      0.98,
      0.93,
      0.88,
      0.96
    ],
    [
      -0.07,
      -0.0,
      0.9,
      0.53,
      -0.1,
      -0.05,
      -0.2,
      0.98,
      1.0,
      0.94,
      0.91,
      0.95
    ],
    [
      -0.01,
      0.02,
      0.83,
      0.45,
      0.12,
      -0.05,
      -0.05,
      0.93,
      0.94,
      1.0,
      0.95,
      0.88
    ],
    [
      0.08,
      0.13,
      0.76,
      0.35,
      0.16,
      -0.1,
      0.12,
      0.88,
      0.91,
      0.95,
      1.0,
      0.82
    ],
    [
      -0.31,
      -0.24,
      0.96,
      0.71,
      -0.3,
      -0.02,
      -0.41,
      0.96,
      0.95,
      0.88,
      0.82,
      1.0
    ]
  ],
  "lookback": 50,
  "updated": "2026-05-07T17:47:52.755775"
}