{
  "pairs": [
    "EURUSD",
    "GBPUSD",
    "USDJPY",
    "USDCHF",
    "AUDUSD",
    "USDCAD",
    "NZDUSD",
    "EURJPY",
    "GBPJPY",
    "AUDJPY",
    "NZDJPY",
    "CADJPY"
  ],
  "matrix": [
    [
      1.0,
      0.92,
      -0.57,
      -0.77,
      0.8,
      -0.64,
      0.83,
      0.32,
      0.36,
      0.49,
      0.54,
      -0.13
    ],
    [
      0.92,
      1.0,
      -0.63,
      -0.79,
      0.83,
      -0.7,
      0.82,
      0.17,
      0.39,
      0.48,
      0.46,
      -0.15
    ],
    [
      -0.57,
      -0.63,
      1.0,
      0.65,
      -0.54,
      0.44,
      -0.61,
      0.59,
      0.47,
      0.15,
      0.12,
      0.74
    ],
    [
      -0.77,
      -0.79,
      0.65,
      1.0,
      -0.66,
      0.66,
      -0.74,
      -0.0,
      -0.13,
      -0.26,
      -0.35,
      0.2
    ],
    [
      0.8,
      0.83,
      -0.54,
      -0.66,
      1.0,
      -0.74,
      0.92,
      0.16,
      0.29,
      0.75,
      0.67,
      -0.02
    ],
    [
      -0.64,
      -0.7,
      0.44,
      0.66,
      -0.74,
      1.0,
      -0.73,
      -0.12,
      -0.27,
      -0.53,
      -0.53,
      -0.28
    ],
    [
      0.83,
      0.82,
      -0.61,
      -0.74,
      0.92,
      -0.73,
      1.0,
      0.11,
      0.2,
      0.6,
      0.71,
      -0.11
    ],
    [
      0.32,
      0.17,
      0.59,
      -0.0,
      0.16,
      -0.12,
      0.11,
      1.0,
      0.9,
      0.66,
      0.66,
      0.72
    ],
    [
      0.36,
      0.39,
      0.47,
      -0.13,
      0.29,
      -0.27,
      0.2,
      0.9,
      1.0,
      0.72,
      0.67,
      0.7
    ],
    [
      0.49,
      0.48,
      0.15,
      -0.26,
      0.75,
      -0.53,
      0.6,
      0.66,
      0.72,
      1.0,
      0.89,
      0.56
    ],
    [
      0.54,
      0.46,
      0.12,
      -0.35,
      0.67,
      -0.53,
      0.71,
      0.66,
      0.67,
      0.89,
      1.0,
      0.52
    ],
    [
      -0.13,
      -0.15,
      0.74,
      0.2,
      -0.02,
      -0.28,
      -0.11,
      0.72,
      0.7,
      0.56,
      0.52,
      1.0
    ]
  ],
  "lookback": 50,
  "updated": "2026-04-17T14:48:06.346663"
}