{
  "pairs": [
    "EURUSD",
    "GBPUSD",
    "USDJPY",
    "USDCHF",
    "AUDUSD",
    "USDCAD",
    "NZDUSD",
    "EURJPY",
    "GBPJPY",
    "AUDJPY",
    "NZDJPY",
    "CADJPY"
  ],
  "matrix": [
    [
      1.0,
      0.87,
      -0.49,
      -0.72,
      0.85,
      -0.67,
      0.83,
      -0.21,
      -0.17,
      -0.04,
      0.03,
      -0.26
    ],
    [
      0.87,
      1.0,
      -0.45,
      -0.73,
      0.82,
      -0.71,
      0.82,
      -0.21,
      -0.07,
      -0.01,
      0.06,
      -0.21
    ],
    [
      -0.49,
      -0.45,
      1.0,
      0.77,
      -0.45,
      0.18,
      -0.53,
      0.95,
      0.92,
      0.84,
      0.79,
      0.94
    ],
    [
      -0.72,
      -0.73,
      0.77,
      1.0,
      -0.69,
      0.47,
      -0.74,
      0.62,
      0.55,
      0.45,
      0.37,
      0.61
    ],
    [
      0.85,
      0.82,
      -0.45,
      -0.69,
      1.0,
      -0.63,
      0.92,
      -0.22,
      -0.15,
      0.09,
      0.13,
      -0.24
    ],
    [
      -0.67,
      -0.71,
      0.18,
      0.47,
      -0.63,
      1.0,
      -0.67,
      -0.03,
      -0.11,
      -0.18,
      -0.28,
      -0.17
    ],
    [
      0.83,
      0.82,
      -0.53,
      -0.74,
      0.92,
      -0.67,
      1.0,
      -0.31,
      -0.24,
      -0.04,
      0.1,
      -0.3
    ],
    [
      -0.21,
      -0.21,
      0.95,
      0.62,
      -0.22,
      -0.03,
      -0.31,
      1.0,
      0.98,
      0.93,
      0.9,
      0.96
    ],
    [
      -0.17,
      -0.07,
      0.92,
      0.55,
      -0.15,
      -0.11,
      -0.24,
      0.98,
      1.0,
      0.94,
      0.91,
      0.96
    ],
    [
      -0.04,
      -0.01,
      0.84,
      0.45,
      0.09,
      -0.18,
      -0.04,
      0.93,
      0.94,
      1.0,
      0.96,
      0.91
    ],
    [
      0.03,
      0.06,
      0.79,
      0.37,
      0.13,
      -0.28,
      0.1,
      0.9,
      0.91,
      0.96,
      1.0,
      0.89
    ],
    [
      -0.26,
      -0.21,
      0.94,
      0.61,
      -0.24,
      -0.17,
      -0.3,
      0.96,
      0.96,
      0.91,
      0.89,
      1.0
    ]
  ],
  "lookback": 50,
  "updated": "2026-05-01T07:00:31.509546"
}