{
  "pairs": [
    "EURUSD",
    "GBPUSD",
    "USDJPY",
    "USDCHF",
    "AUDUSD",
    "USDCAD",
    "NZDUSD",
    "EURJPY",
    "GBPJPY",
    "AUDJPY",
    "NZDJPY",
    "CADJPY"
  ],
  "matrix": [
    [
      1.0,
      0.85,
      -0.49,
      -0.72,
      0.75,
      -0.69,
      0.75,
      -0.18,
      -0.16,
      -0.11,
      -0.05,
      -0.24
    ],
    [
      0.85,
      1.0,
      -0.46,
      -0.71,
      0.74,
      -0.72,
      0.71,
      -0.21,
      -0.07,
      -0.09,
      -0.04,
      -0.21
    ],
    [
      -0.49,
      -0.46,
      1.0,
      0.81,
      -0.44,
      0.2,
      -0.52,
      0.95,
      0.92,
      0.86,
      0.8,
      0.94
    ],
    [
      -0.72,
      -0.71,
      0.81,
      1.0,
      -0.64,
      0.45,
      -0.74,
      0.65,
      0.59,
      0.53,
      0.43,
      0.65
    ],
    [
      0.75,
      0.74,
      -0.44,
      -0.64,
      1.0,
      -0.59,
      0.93,
      -0.22,
      -0.16,
      0.08,
      0.14,
      -0.23
    ],
    [
      -0.69,
      -0.72,
      0.2,
      0.45,
      -0.59,
      1.0,
      -0.61,
      -0.03,
      -0.1,
      -0.12,
      -0.19,
      -0.15
    ],
    [
      0.75,
      0.71,
      -0.52,
      -0.74,
      0.93,
      -0.61,
      1.0,
      -0.31,
      -0.26,
      -0.04,
      0.09,
      -0.3
    ],
    [
      -0.18,
      -0.21,
      0.95,
      0.65,
      -0.22,
      -0.03,
      -0.31,
      1.0,
      0.97,
      0.93,
      0.89,
      0.97
    ],
    [
      -0.16,
      -0.07,
      0.92,
      0.59,
      -0.16,
      -0.1,
      -0.26,
      0.97,
      1.0,
      0.93,
      0.89,
      0.96
    ],
    [
      -0.11,
      -0.09,
      0.86,
      0.53,
      0.08,
      -0.12,
      -0.04,
      0.93,
      0.93,
      1.0,
      0.97,
      0.91
    ],
    [
      -0.05,
      -0.04,
      0.8,
      0.43,
      0.14,
      -0.19,
      0.09,
      0.89,
      0.89,
      0.97,
      1.0,
      0.88
    ],
    [
      -0.24,
      -0.21,
      0.94,
      0.65,
      -0.23,
      -0.15,
      -0.3,
      0.97,
      0.96,
      0.91,
      0.88,
      1.0
    ]
  ],
  "lookback": 50,
  "updated": "2026-05-03T19:41:01.379270"
}