{
  "pairs": [
    "EURUSD",
    "GBPUSD",
    "USDJPY",
    "USDCHF",
    "AUDUSD",
    "USDCAD",
    "NZDUSD",
    "EURJPY",
    "GBPJPY",
    "AUDJPY",
    "NZDJPY",
    "CADJPY"
  ],
  "matrix": [
    [
      1.0,
      0.78,
      -0.49,
      -0.79,
      0.76,
      -0.58,
      0.78,
      0.32,
      0.16,
      0.36,
      0.45,
      -0.04
    ],
    [
      0.78,
      1.0,
      -0.29,
      -0.78,
      0.77,
      -0.58,
      0.78,
      0.35,
      0.51,
      0.52,
      0.58,
      0.14
    ],
    [
      -0.49,
      -0.29,
      1.0,
      0.3,
      -0.38,
      0.2,
      -0.36,
      0.67,
      0.67,
      0.41,
      0.33,
      0.75
    ],
    [
      -0.79,
      -0.78,
      0.3,
      1.0,
      -0.66,
      0.57,
      -0.66,
      -0.36,
      -0.33,
      -0.42,
      -0.46,
      -0.13
    ],
    [
      0.76,
      0.77,
      -0.38,
      -0.66,
      1.0,
      -0.58,
      0.91,
      0.23,
      0.25,
      0.69,
      0.65,
      0.06
    ],
    [
      -0.58,
      -0.58,
      0.2,
      0.57,
      -0.58,
      1.0,
      -0.69,
      -0.28,
      -0.27,
      -0.42,
      -0.56,
      -0.51
    ],
    [
      0.78,
      0.78,
      -0.36,
      -0.66,
      0.91,
      -0.69,
      1.0,
      0.27,
      0.28,
      0.61,
      0.76,
      0.15
    ],
    [
      0.32,
      0.35,
      0.67,
      -0.36,
      0.23,
      -0.28,
      0.27,
      1.0,
      0.87,
      0.75,
      0.74,
      0.77
    ],
    [
      0.16,
      0.51,
      0.67,
      -0.33,
      0.25,
      -0.27,
      0.28,
      0.87,
      1.0,
      0.77,
      0.75,
      0.78
    ],
    [
      0.36,
      0.52,
      0.41,
      -0.42,
      0.69,
      -0.42,
      0.61,
      0.75,
      0.77,
      1.0,
      0.9,
      0.65
    ],
    [
      0.45,
      0.58,
      0.33,
      -0.46,
      0.65,
      -0.56,
      0.76,
      0.74,
      0.75,
      0.9,
      1.0,
      0.67
    ],
    [
      -0.04,
      0.14,
      0.75,
      -0.13,
      0.06,
      -0.51,
      0.15,
      0.77,
      0.78,
      0.65,
      0.67,
      1.0
    ]
  ],
  "lookback": 50,
  "updated": "2026-04-29T14:33:54.127772"
}