{
  "pairs": [
    "EURUSD",
    "GBPUSD",
    "USDJPY",
    "USDCHF",
    "AUDUSD",
    "USDCAD",
    "NZDUSD",
    "EURJPY",
    "GBPJPY",
    "AUDJPY",
    "NZDJPY",
    "CADJPY"
  ],
  "matrix": [
    [
      1.0,
      0.64,
      -0.6,
      -0.84,
      0.69,
      -0.51,
      0.77,
      0.66,
      0.47,
      0.56,
      0.66,
      -0.12
    ],
    [
      0.64,
      1.0,
      -0.52,
      -0.65,
      0.59,
      -0.37,
      0.65,
      0.29,
      0.93,
      0.47,
      0.54,
      -0.18
    ],
    [
      -0.6,
      -0.52,
      1.0,
      0.54,
      -0.6,
      0.39,
      -0.55,
      0.21,
      -0.16,
      -0.28,
      -0.23,
      0.62
    ],
    [
      -0.84,
      -0.65,
      0.54,
      1.0,
      -0.63,
      0.54,
      -0.7,
      -0.52,
      -0.52,
      -0.52,
      -0.59,
      0.04
    ],
    [
      0.69,
      0.59,
      -0.6,
      -0.63,
      1.0,
      -0.6,
      0.87,
      0.27,
      0.41,
      0.93,
      0.77,
      -0.07
    ],
    [
      -0.51,
      -0.37,
      0.39,
      0.54,
      -0.6,
      1.0,
      -0.56,
      -0.25,
      -0.26,
      -0.54,
      -0.48,
      -0.47
    ],
    [
      0.77,
      0.65,
      -0.55,
      -0.7,
      0.87,
      -0.56,
      1.0,
      0.42,
      0.5,
      0.8,
      0.94,
      -0.06
    ],
    [
      0.66,
      0.29,
      0.21,
      -0.52,
      0.27,
      -0.25,
      0.42,
      1.0,
      0.43,
      0.42,
      0.58,
      0.43
    ],
    [
      0.47,
      0.93,
      -0.16,
      -0.52,
      0.41,
      -0.26,
      0.5,
      0.43,
      1.0,
      0.42,
      0.52,
      0.07
    ],
    [
      0.56,
      0.47,
      -0.28,
      -0.52,
      0.93,
      -0.54,
      0.8,
      0.42,
      0.42,
      1.0,
      0.82,
      0.2
    ],
    [
      0.66,
      0.54,
      -0.23,
      -0.59,
      0.77,
      -0.48,
      0.94,
      0.58,
      0.52,
      0.82,
      1.0,
      0.19
    ],
    [
      -0.12,
      -0.18,
      0.62,
      0.04,
      -0.07,
      -0.47,
      -0.06,
      0.43,
      0.07,
      0.2,
      0.19,
      1.0
    ]
  ],
  "lookback": 50,
  "updated": "2026-05-19T15:52:46.088826"
}