{
  "pairs": [
    "EURUSD",
    "GBPUSD",
    "USDJPY",
    "USDCHF",
    "AUDUSD",
    "USDCAD",
    "NZDUSD",
    "EURJPY",
    "GBPJPY",
    "AUDJPY",
    "NZDJPY",
    "CADJPY"
  ],
  "matrix": [
    [
      1.0,
      0.87,
      -0.49,
      -0.69,
      0.76,
      -0.71,
      0.76,
      -0.18,
      -0.14,
      -0.1,
      -0.04,
      -0.24
    ],
    [
      0.87,
      1.0,
      -0.45,
      -0.69,
      0.74,
      -0.72,
      0.74,
      -0.18,
      -0.04,
      -0.06,
      0.0,
      -0.19
    ],
    [
      -0.49,
      -0.45,
      1.0,
      0.8,
      -0.45,
      0.2,
      -0.53,
      0.94,
      0.91,
      0.85,
      0.8,
      0.93
    ],
    [
      -0.69,
      -0.69,
      0.8,
      1.0,
      -0.65,
      0.46,
      -0.73,
      0.65,
      0.58,
      0.51,
      0.42,
      0.64
    ],
    [
      0.76,
      0.74,
      -0.45,
      -0.65,
      1.0,
      -0.6,
      0.93,
      -0.22,
      -0.15,
      0.09,
      0.14,
      -0.23
    ],
    [
      -0.71,
      -0.72,
      0.2,
      0.46,
      -0.6,
      1.0,
      -0.62,
      -0.04,
      -0.11,
      -0.13,
      -0.21,
      -0.16
    ],
    [
      0.76,
      0.74,
      -0.53,
      -0.73,
      0.93,
      -0.62,
      1.0,
      -0.31,
      -0.25,
      -0.05,
      0.09,
      -0.31
    ],
    [
      -0.18,
      -0.18,
      0.94,
      0.65,
      -0.22,
      -0.04,
      -0.31,
      1.0,
      0.97,
      0.92,
      0.89,
      0.97
    ],
    [
      -0.14,
      -0.04,
      0.91,
      0.58,
      -0.15,
      -0.11,
      -0.25,
      0.97,
      1.0,
      0.92,
      0.89,
      0.96
    ],
    [
      -0.1,
      -0.06,
      0.85,
      0.51,
      0.09,
      -0.13,
      -0.05,
      0.92,
      0.92,
      1.0,
      0.97,
      0.9
    ],
    [
      -0.04,
      0.0,
      0.8,
      0.42,
      0.14,
      -0.21,
      0.09,
      0.89,
      0.89,
      0.97,
      1.0,
      0.88
    ],
    [
      -0.24,
      -0.19,
      0.93,
      0.64,
      -0.23,
      -0.16,
      -0.31,
      0.97,
      0.96,
      0.9,
      0.88,
      1.0
    ]
  ],
  "lookback": 50,
  "updated": "2026-05-02T11:53:43.930506"
}