{
  "pairs": [
    "EURUSD",
    "GBPUSD",
    "USDJPY",
    "USDCHF",
    "AUDUSD",
    "USDCAD",
    "NZDUSD",
    "EURJPY",
    "GBPJPY",
    "AUDJPY",
    "NZDJPY",
    "CADJPY"
  ],
  "matrix": [
    [
      1.0,
      0.86,
      -0.47,
      -0.72,
      0.83,
      -0.65,
      0.82,
      -0.15,
      -0.13,
      0.01,
      0.07,
      -0.23
    ],
    [
      0.86,
      1.0,
      -0.43,
      -0.72,
      0.81,
      -0.7,
      0.81,
      -0.16,
      -0.02,
      0.03,
      0.1,
      -0.17
    ],
    [
      -0.47,
      -0.43,
      1.0,
      0.78,
      -0.45,
      0.17,
      -0.53,
      0.94,
      0.91,
      0.83,
      0.77,
      0.93
    ],
    [
      -0.72,
      -0.72,
      0.78,
      1.0,
      -0.69,
      0.45,
      -0.75,
      0.6,
      0.54,
      0.43,
      0.35,
      0.61
    ],
    [
      0.83,
      0.81,
      -0.45,
      -0.69,
      1.0,
      -0.59,
      0.93,
      -0.19,
      -0.13,
      0.13,
      0.17,
      -0.23
    ],
    [
      -0.65,
      -0.7,
      0.17,
      0.45,
      -0.59,
      1.0,
      -0.64,
      -0.05,
      -0.13,
      -0.19,
      -0.28,
      -0.2
    ],
    [
      0.82,
      0.81,
      -0.53,
      -0.75,
      0.93,
      -0.64,
      1.0,
      -0.29,
      -0.22,
      -0.0,
      0.13,
      -0.29
    ],
    [
      -0.15,
      -0.16,
      0.94,
      0.6,
      -0.19,
      -0.05,
      -0.29,
      1.0,
      0.97,
      0.93,
      0.89,
      0.96
    ],
    [
      -0.13,
      -0.02,
      0.91,
      0.54,
      -0.13,
      -0.13,
      -0.22,
      0.97,
      1.0,
      0.93,
      0.9,
      0.96
    ],
    [
      0.01,
      0.03,
      0.83,
      0.43,
      0.13,
      -0.19,
      -0.0,
      0.93,
      0.93,
      1.0,
      0.96,
      0.89
    ],
    [
      0.07,
      0.1,
      0.77,
      0.35,
      0.17,
      -0.28,
      0.13,
      0.89,
      0.9,
      0.96,
      1.0,
      0.87
    ],
    [
      -0.23,
      -0.17,
      0.93,
      0.61,
      -0.23,
      -0.2,
      -0.29,
      0.96,
      0.96,
      0.89,
      0.87,
      1.0
    ]
  ],
  "lookback": 50,
  "updated": "2026-05-01T14:43:29.941639"
}