{
  "pairs": [
    "EURUSD",
    "GBPUSD",
    "USDJPY",
    "USDCHF",
    "AUDUSD",
    "USDCAD",
    "NZDUSD",
    "EURJPY",
    "GBPJPY",
    "AUDJPY",
    "NZDJPY",
    "CADJPY"
  ],
  "matrix": [
    [
      1.0,
      0.87,
      -0.53,
      -0.74,
      0.79,
      -0.22,
      0.78,
      0.43,
      0.36,
      0.45,
      0.47,
      -0.24
    ],
    [
      0.87,
      1.0,
      -0.57,
      -0.77,
      0.86,
      -0.26,
      0.84,
      0.26,
      0.45,
      0.5,
      0.5,
      -0.23
    ],
    [
      -0.53,
      -0.57,
      1.0,
      0.61,
      -0.47,
      0.22,
      -0.5,
      0.53,
      0.47,
      0.26,
      0.21,
      0.59
    ],
    [
      -0.74,
      -0.77,
      0.61,
      1.0,
      -0.61,
      0.54,
      -0.64,
      -0.09,
      -0.17,
      -0.19,
      -0.25,
      0.03
    ],
    [
      0.79,
      0.86,
      -0.47,
      -0.61,
      1.0,
      -0.09,
      0.84,
      0.29,
      0.42,
      0.73,
      0.58,
      -0.28
    ],
    [
      -0.22,
      -0.26,
      0.22,
      0.54,
      -0.09,
      1.0,
      -0.21,
      0.02,
      -0.04,
      0.07,
      -0.07,
      -0.65
    ],
    [
      0.78,
      0.84,
      -0.5,
      -0.64,
      0.84,
      -0.21,
      1.0,
      0.25,
      0.36,
      0.53,
      0.74,
      -0.21
    ],
    [
      0.43,
      0.26,
      0.53,
      -0.09,
      0.29,
      0.02,
      0.25,
      1.0,
      0.86,
      0.73,
      0.7,
      0.4
    ],
    [
      0.36,
      0.45,
      0.47,
      -0.17,
      0.42,
      -0.04,
      0.36,
      0.86,
      1.0,
      0.83,
      0.77,
      0.4
    ],
    [
      0.45,
      0.5,
      0.26,
      -0.19,
      0.73,
      0.07,
      0.53,
      0.73,
      0.83,
      1.0,
      0.8,
      0.15
    ],
    [
      0.47,
      0.5,
      0.21,
      -0.25,
      0.58,
      -0.07,
      0.74,
      0.7,
      0.77,
      0.8,
      1.0,
      0.22
    ],
    [
      -0.24,
      -0.23,
      0.59,
      0.03,
      -0.28,
      -0.65,
      -0.21,
      0.4,
      0.4,
      0.15,
      0.22,
      1.0
    ]
  ],
  "lookback": 50,
  "updated": "2026-04-25T09:13:34.300859"
}