{
  "pairs": [
    "EURUSD",
    "GBPUSD",
    "USDJPY",
    "USDCHF",
    "AUDUSD",
    "USDCAD",
    "NZDUSD",
    "EURJPY",
    "GBPJPY",
    "AUDJPY",
    "NZDJPY",
    "CADJPY"
  ],
  "matrix": [
    [
      1.0,
      0.71,
      -0.41,
      -0.88,
      0.83,
      -0.52,
      0.82,
      0.16,
      0.18,
      0.33,
      0.43,
      -0.2
    ],
    [
      0.71,
      1.0,
      -0.23,
      -0.82,
      0.8,
      -0.55,
      0.86,
      0.23,
      0.54,
      0.47,
      0.64,
      0.01
    ],
    [
      -0.41,
      -0.23,
      1.0,
      0.53,
      -0.41,
      0.33,
      -0.47,
      0.83,
      0.69,
      0.61,
      0.48,
      0.9
    ],
    [
      -0.88,
      -0.82,
      0.53,
      1.0,
      -0.85,
      0.55,
      -0.9,
      0.01,
      -0.15,
      -0.23,
      -0.39,
      0.3
    ],
    [
      0.83,
      0.8,
      -0.41,
      -0.85,
      1.0,
      -0.58,
      0.91,
      0.08,
      0.24,
      0.48,
      0.51,
      -0.17
    ],
    [
      -0.52,
      -0.55,
      0.33,
      0.55,
      -0.58,
      1.0,
      -0.57,
      0.04,
      -0.12,
      -0.18,
      -0.25,
      -0.1
    ],
    [
      0.82,
      0.86,
      -0.47,
      -0.9,
      0.91,
      -0.57,
      1.0,
      0.02,
      0.23,
      0.33,
      0.55,
      -0.24
    ],
    [
      0.16,
      0.23,
      0.83,
      0.01,
      0.08,
      0.04,
      0.02,
      1.0,
      0.89,
      0.87,
      0.81,
      0.86
    ],
    [
      0.18,
      0.54,
      0.69,
      -0.15,
      0.24,
      -0.12,
      0.23,
      0.89,
      1.0,
      0.88,
      0.89,
      0.8
    ],
    [
      0.33,
      0.47,
      0.61,
      -0.23,
      0.48,
      -0.18,
      0.33,
      0.87,
      0.88,
      1.0,
      0.91,
      0.72
    ],
    [
      0.43,
      0.64,
      0.48,
      -0.39,
      0.51,
      -0.25,
      0.55,
      0.81,
      0.89,
      0.91,
      1.0,
      0.62
    ],
    [
      -0.2,
      0.01,
      0.9,
      0.3,
      -0.17,
      -0.1,
      -0.24,
      0.86,
      0.8,
      0.72,
      0.62,
      1.0
    ]
  ],
  "lookback": 50,
  "updated": "2026-05-12T15:12:28.133270"
}