{
  "pairs": [
    "EURUSD",
    "GBPUSD",
    "USDJPY",
    "USDCHF",
    "AUDUSD",
    "USDCAD",
    "NZDUSD",
    "EURJPY",
    "GBPJPY",
    "AUDJPY",
    "NZDJPY",
    "CADJPY"
  ],
  "matrix": [
    [
      1.0,
      0.86,
      -0.47,
      -0.73,
      0.84,
      -0.64,
      0.83,
      -0.14,
      -0.13,
      0.01,
      0.07,
      -0.23
    ],
    [
      0.86,
      1.0,
      -0.43,
      -0.72,
      0.81,
      -0.69,
      0.82,
      -0.15,
      -0.02,
      0.04,
      0.11,
      -0.17
    ],
    [
      -0.47,
      -0.43,
      1.0,
      0.77,
      -0.45,
      0.16,
      -0.53,
      0.94,
      0.91,
      0.83,
      0.77,
      0.93
    ],
    [
      -0.73,
      -0.72,
      0.77,
      1.0,
      -0.7,
      0.45,
      -0.76,
      0.59,
      0.53,
      0.42,
      0.34,
      0.61
    ],
    [
      0.84,
      0.81,
      -0.45,
      -0.7,
      1.0,
      -0.6,
      0.93,
      -0.18,
      -0.13,
      0.13,
      0.17,
      -0.23
    ],
    [
      -0.64,
      -0.69,
      0.16,
      0.45,
      -0.6,
      1.0,
      -0.65,
      -0.06,
      -0.13,
      -0.2,
      -0.3,
      -0.2
    ],
    [
      0.83,
      0.82,
      -0.53,
      -0.76,
      0.93,
      -0.65,
      1.0,
      -0.28,
      -0.22,
      -0.01,
      0.13,
      -0.3
    ],
    [
      -0.14,
      -0.15,
      0.94,
      0.59,
      -0.18,
      -0.06,
      -0.28,
      1.0,
      0.97,
      0.93,
      0.89,
      0.96
    ],
    [
      -0.13,
      -0.02,
      0.91,
      0.53,
      -0.13,
      -0.13,
      -0.22,
      0.97,
      1.0,
      0.93,
      0.9,
      0.95
    ],
    [
      0.01,
      0.04,
      0.83,
      0.42,
      0.13,
      -0.2,
      -0.01,
      0.93,
      0.93,
      1.0,
      0.96,
      0.89
    ],
    [
      0.07,
      0.11,
      0.77,
      0.34,
      0.17,
      -0.3,
      0.13,
      0.89,
      0.9,
      0.96,
      1.0,
      0.87
    ],
    [
      -0.23,
      -0.17,
      0.93,
      0.61,
      -0.23,
      -0.2,
      -0.3,
      0.96,
      0.95,
      0.89,
      0.87,
      1.0
    ]
  ],
  "lookback": 50,
  "updated": "2026-05-01T14:35:28.691167"
}