{
  "pairs": [
    "EURUSD",
    "GBPUSD",
    "USDJPY",
    "USDCHF",
    "AUDUSD",
    "USDCAD",
    "NZDUSD",
    "EURJPY",
    "GBPJPY",
    "AUDJPY",
    "NZDJPY",
    "CADJPY"
  ],
  "matrix": [
    [
      1.0,
      0.92,
      -0.6,
      -0.73,
      0.83,
      -0.41,
      0.86,
      0.39,
      0.42,
      0.51,
      0.57,
      -0.18
    ],
    [
      0.92,
      1.0,
      -0.68,
      -0.79,
      0.87,
      -0.5,
      0.85,
      0.21,
      0.43,
      0.48,
      0.48,
      -0.18
    ],
    [
      -0.6,
      -0.68,
      1.0,
      0.67,
      -0.55,
      0.43,
      -0.64,
      0.5,
      0.38,
      0.14,
      0.09,
      0.55
    ],
    [
      -0.73,
      -0.79,
      0.67,
      1.0,
      -0.68,
      0.6,
      -0.74,
      -0.02,
      -0.17,
      -0.26,
      -0.34,
      0.08
    ],
    [
      0.83,
      0.87,
      -0.55,
      -0.68,
      1.0,
      -0.55,
      0.92,
      0.26,
      0.41,
      0.74,
      0.68,
      -0.02
    ],
    [
      -0.41,
      -0.5,
      0.43,
      0.6,
      -0.55,
      1.0,
      -0.54,
      0.05,
      -0.1,
      -0.31,
      -0.3,
      -0.52
    ],
    [
      0.86,
      0.85,
      -0.64,
      -0.74,
      0.92,
      -0.54,
      1.0,
      0.2,
      0.29,
      0.58,
      0.71,
      -0.11
    ],
    [
      0.39,
      0.21,
      0.5,
      -0.02,
      0.26,
      0.05,
      0.2,
      1.0,
      0.88,
      0.72,
      0.71,
      0.43
    ],
    [
      0.42,
      0.43,
      0.38,
      -0.17,
      0.41,
      -0.1,
      0.29,
      0.88,
      1.0,
      0.79,
      0.71,
      0.45
    ],
    [
      0.51,
      0.48,
      0.14,
      -0.26,
      0.74,
      -0.31,
      0.58,
      0.72,
      0.79,
      1.0,
      0.88,
      0.42
    ],
    [
      0.57,
      0.48,
      0.09,
      -0.34,
      0.68,
      -0.3,
      0.71,
      0.71,
      0.71,
      0.88,
      1.0,
      0.36
    ],
    [
      -0.18,
      -0.18,
      0.55,
      0.08,
      -0.02,
      -0.52,
      -0.11,
      0.43,
      0.45,
      0.42,
      0.36,
      1.0
    ]
  ],
  "lookback": 50,
  "updated": "2026-04-19T09:09:48.295283"
}