{
  "pairs": [
    "EURUSD",
    "GBPUSD",
    "USDJPY",
    "USDCHF",
    "AUDUSD",
    "USDCAD",
    "NZDUSD",
    "EURJPY",
    "GBPJPY",
    "AUDJPY",
    "NZDJPY",
    "CADJPY"
  ],
  "matrix": [
    [
      1.0,
      0.87,
      -0.51,
      -0.72,
      0.77,
      -0.68,
      0.73,
      -0.22,
      -0.19,
      -0.13,
      -0.09,
      -0.28
    ],
    [
      0.87,
      1.0,
      -0.47,
      -0.71,
      0.74,
      -0.7,
      0.7,
      -0.22,
      -0.08,
      -0.1,
      -0.06,
      -0.22
    ],
    [
      -0.51,
      -0.47,
      1.0,
      0.81,
      -0.44,
      0.19,
      -0.53,
      0.95,
      0.92,
      0.86,
      0.8,
      0.94
    ],
    [
      -0.72,
      -0.71,
      0.81,
      1.0,
      -0.65,
      0.42,
      -0.71,
      0.66,
      0.59,
      0.53,
      0.46,
      0.67
    ],
    [
      0.77,
      0.74,
      -0.44,
      -0.65,
      1.0,
      -0.57,
      0.9,
      -0.22,
      -0.16,
      0.08,
      0.12,
      -0.24
    ],
    [
      -0.68,
      -0.7,
      0.19,
      0.42,
      -0.57,
      1.0,
      -0.6,
      -0.03,
      -0.1,
      -0.12,
      -0.2,
      -0.16
    ],
    [
      0.73,
      0.7,
      -0.53,
      -0.71,
      0.9,
      -0.6,
      1.0,
      -0.34,
      -0.28,
      -0.08,
      0.08,
      -0.32
    ],
    [
      -0.22,
      -0.22,
      0.95,
      0.66,
      -0.22,
      -0.03,
      -0.34,
      1.0,
      0.97,
      0.93,
      0.88,
      0.97
    ],
    [
      -0.19,
      -0.08,
      0.92,
      0.59,
      -0.16,
      -0.1,
      -0.28,
      0.97,
      1.0,
      0.93,
      0.88,
      0.96
    ],
    [
      -0.13,
      -0.1,
      0.86,
      0.53,
      0.08,
      -0.12,
      -0.08,
      0.93,
      0.93,
      1.0,
      0.96,
      0.9
    ],
    [
      -0.09,
      -0.06,
      0.8,
      0.46,
      0.12,
      -0.2,
      0.08,
      0.88,
      0.88,
      0.96,
      1.0,
      0.88
    ],
    [
      -0.28,
      -0.22,
      0.94,
      0.67,
      -0.24,
      -0.16,
      -0.32,
      0.97,
      0.96,
      0.9,
      0.88,
      1.0
    ]
  ],
  "lookback": 50,
  "updated": "2026-05-04T04:13:07.565377"
}