{
  "pairs": [
    "EURUSD",
    "GBPUSD",
    "USDJPY",
    "USDCHF",
    "AUDUSD",
    "USDCAD",
    "NZDUSD",
    "EURJPY",
    "GBPJPY",
    "AUDJPY",
    "NZDJPY",
    "CADJPY"
  ],
  "matrix": [
    [
      1.0,
      0.59,
      -0.68,
      -0.85,
      0.68,
      -0.46,
      0.69,
      0.62,
      0.35,
      0.44,
      0.47,
      -0.14
    ],
    [
      0.59,
      1.0,
      -0.43,
      -0.73,
      0.7,
      -0.32,
      0.75,
      0.47,
      0.92,
      0.59,
      0.65,
      -0.03
    ],
    [
      -0.68,
      -0.43,
      1.0,
      0.63,
      -0.52,
      0.27,
      -0.46,
      0.12,
      -0.03,
      -0.08,
      -0.06,
      0.56
    ],
    [
      -0.85,
      -0.73,
      0.63,
      1.0,
      -0.71,
      0.47,
      -0.77,
      -0.55,
      -0.53,
      -0.49,
      -0.58,
      0.08
    ],
    [
      0.68,
      0.7,
      -0.52,
      -0.71,
      1.0,
      -0.49,
      0.87,
      0.44,
      0.54,
      0.89,
      0.74,
      0.03
    ],
    [
      -0.46,
      -0.32,
      0.27,
      0.47,
      -0.49,
      1.0,
      -0.44,
      -0.33,
      -0.24,
      -0.43,
      -0.37,
      -0.65
    ],
    [
      0.69,
      0.75,
      -0.46,
      -0.77,
      0.87,
      -0.44,
      1.0,
      0.53,
      0.62,
      0.77,
      0.91,
      0.04
    ],
    [
      0.62,
      0.47,
      0.12,
      -0.55,
      0.44,
      -0.33,
      0.53,
      1.0,
      0.57,
      0.58,
      0.66,
      0.4
    ],
    [
      0.35,
      0.92,
      -0.03,
      -0.53,
      0.54,
      -0.24,
      0.62,
      0.57,
      1.0,
      0.61,
      0.69,
      0.21
    ],
    [
      0.44,
      0.59,
      -0.08,
      -0.49,
      0.89,
      -0.43,
      0.77,
      0.58,
      0.61,
      1.0,
      0.82,
      0.32
    ],
    [
      0.47,
      0.65,
      -0.06,
      -0.58,
      0.74,
      -0.37,
      0.91,
      0.66,
      0.69,
      0.82,
      1.0,
      0.29
    ],
    [
      -0.14,
      -0.03,
      0.56,
      0.08,
      0.03,
      -0.65,
      0.04,
      0.4,
      0.21,
      0.32,
      0.29,
      1.0
    ]
  ],
  "lookback": 50,
  "updated": "2026-05-15T18:28:51.447700"
}