{
  "pairs": [
    "EURUSD",
    "GBPUSD",
    "USDJPY",
    "USDCHF",
    "AUDUSD",
    "USDCAD",
    "NZDUSD",
    "EURJPY",
    "GBPJPY",
    "AUDJPY",
    "NZDJPY",
    "CADJPY"
  ],
  "matrix": [
    [
      1.0,
      0.86,
      -0.54,
      -0.74,
      0.78,
      -0.25,
      0.78,
      0.36,
      0.29,
      0.42,
      0.45,
      -0.23
    ],
    [
      0.86,
      1.0,
      -0.62,
      -0.76,
      0.84,
      -0.26,
      0.82,
      0.14,
      0.35,
      0.43,
      0.43,
      -0.29
    ],
    [
      -0.54,
      -0.62,
      1.0,
      0.71,
      -0.47,
      0.3,
      -0.53,
      0.59,
      0.52,
      0.28,
      0.23,
      0.56
    ],
    [
      -0.74,
      -0.76,
      0.71,
      1.0,
      -0.57,
      0.54,
      -0.65,
      0.07,
      0.02,
      -0.05,
      -0.16,
      0.12
    ],
    [
      0.78,
      0.84,
      -0.47,
      -0.57,
      1.0,
      -0.16,
      0.83,
      0.23,
      0.36,
      0.72,
      0.57,
      -0.25
    ],
    [
      -0.25,
      -0.26,
      0.3,
      0.54,
      -0.16,
      1.0,
      -0.24,
      0.1,
      0.09,
      0.07,
      -0.02,
      -0.62
    ],
    [
      0.78,
      0.82,
      -0.53,
      -0.65,
      0.83,
      -0.24,
      1.0,
      0.16,
      0.26,
      0.49,
      0.71,
      -0.23
    ],
    [
      0.36,
      0.14,
      0.59,
      0.07,
      0.23,
      0.1,
      0.16,
      1.0,
      0.86,
      0.71,
      0.68,
      0.4
    ],
    [
      0.29,
      0.35,
      0.52,
      0.02,
      0.36,
      0.09,
      0.26,
      0.86,
      1.0,
      0.8,
      0.73,
      0.36
    ],
    [
      0.42,
      0.43,
      0.28,
      -0.05,
      0.72,
      0.07,
      0.49,
      0.71,
      0.8,
      1.0,
      0.79,
      0.17
    ],
    [
      0.45,
      0.43,
      0.23,
      -0.16,
      0.57,
      -0.02,
      0.71,
      0.68,
      0.73,
      0.79,
      1.0,
      0.2
    ],
    [
      -0.23,
      -0.29,
      0.56,
      0.12,
      -0.25,
      -0.62,
      -0.23,
      0.4,
      0.36,
      0.17,
      0.2,
      1.0
    ]
  ],
  "lookback": 50,
  "updated": "2026-04-23T03:49:40.787859"
}