{
  "pairs": [
    "EURUSD",
    "GBPUSD",
    "USDJPY",
    "USDCHF",
    "AUDUSD",
    "USDCAD",
    "NZDUSD",
    "EURJPY",
    "GBPJPY",
    "AUDJPY",
    "NZDJPY",
    "CADJPY"
  ],
  "matrix": [
    [
      1.0,
      0.95,
      -0.83,
      -0.85,
      0.85,
      -0.69,
      0.81,
      0.44,
      0.62,
      0.63,
      0.59,
      -0.47
    ],
    [
      0.95,
      1.0,
      -0.87,
      -0.86,
      0.85,
      -0.72,
      0.85,
      0.29,
      0.67,
      0.6,
      0.62,
      -0.5
    ],
    [
      -0.83,
      -0.87,
      1.0,
      0.8,
      -0.81,
      0.68,
      -0.82,
      0.13,
      -0.22,
      -0.42,
      -0.48,
      0.71
    ],
    [
      -0.85,
      -0.86,
      0.8,
      1.0,
      -0.75,
      0.72,
      -0.77,
      -0.22,
      -0.49,
      -0.5,
      -0.56,
      0.4
    ],
    [
      0.85,
      0.85,
      -0.81,
      -0.75,
      1.0,
      -0.82,
      0.9,
      0.21,
      0.46,
      0.88,
      0.75,
      -0.31
    ],
    [
      -0.69,
      -0.72,
      0.68,
      0.72,
      -0.82,
      1.0,
      -0.8,
      -0.14,
      -0.4,
      -0.71,
      -0.71,
      -0.04
    ],
    [
      0.81,
      0.85,
      -0.82,
      -0.77,
      0.9,
      -0.8,
      1.0,
      0.13,
      0.44,
      0.71,
      0.89,
      -0.35
    ],
    [
      0.44,
      0.29,
      0.13,
      -0.22,
      0.21,
      -0.14,
      0.13,
      1.0,
      0.76,
      0.43,
      0.29,
      0.31
    ],
    [
      0.62,
      0.67,
      -0.22,
      -0.49,
      0.46,
      -0.4,
      0.44,
      0.76,
      1.0,
      0.54,
      0.5,
      0.08
    ],
    [
      0.63,
      0.6,
      -0.42,
      -0.5,
      0.88,
      -0.71,
      0.71,
      0.43,
      0.54,
      1.0,
      0.76,
      0.11
    ],
    [
      0.59,
      0.62,
      -0.48,
      -0.56,
      0.75,
      -0.71,
      0.89,
      0.29,
      0.5,
      0.76,
      1.0,
      0.03
    ],
    [
      -0.47,
      -0.5,
      0.71,
      0.4,
      -0.31,
      -0.04,
      -0.35,
      0.31,
      0.08,
      0.11,
      0.03,
      1.0
    ]
  ],
  "lookback": 50,
  "updated": "2026-04-15T09:52:50.464191"
}