{
  "pairs": [
    "EURUSD",
    "GBPUSD",
    "USDJPY",
    "USDCHF",
    "AUDUSD",
    "USDCAD",
    "NZDUSD",
    "EURJPY",
    "GBPJPY",
    "AUDJPY",
    "NZDJPY",
    "CADJPY"
  ],
  "matrix": [
    [
      1.0,
      0.79,
      -0.52,
      -0.88,
      0.77,
      -0.53,
      0.83,
      0.6,
      0.63,
      0.64,
      0.7,
      -0.07
    ],
    [
      0.79,
      1.0,
      -0.52,
      -0.68,
      0.6,
      -0.28,
      0.66,
      0.37,
      0.87,
      0.44,
      0.51,
      -0.26
    ],
    [
      -0.52,
      -0.52,
      1.0,
      0.37,
      -0.53,
      0.31,
      -0.48,
      0.38,
      -0.03,
      -0.12,
      -0.09,
      0.69
    ],
    [
      -0.88,
      -0.68,
      0.37,
      1.0,
      -0.62,
      0.43,
      -0.69,
      -0.6,
      -0.58,
      -0.54,
      -0.61,
      0.02
    ],
    [
      0.77,
      0.6,
      -0.53,
      -0.62,
      1.0,
      -0.53,
      0.9,
      0.32,
      0.39,
      0.9,
      0.78,
      -0.09
    ],
    [
      -0.53,
      -0.28,
      0.31,
      0.43,
      -0.53,
      1.0,
      -0.48,
      -0.28,
      -0.15,
      -0.47,
      -0.4,
      -0.47
    ],
    [
      0.83,
      0.66,
      -0.48,
      -0.69,
      0.9,
      -0.48,
      1.0,
      0.43,
      0.49,
      0.81,
      0.92,
      -0.09
    ],
    [
      0.6,
      0.37,
      0.38,
      -0.6,
      0.32,
      -0.28,
      0.43,
      1.0,
      0.65,
      0.57,
      0.66,
      0.57
    ],
    [
      0.63,
      0.87,
      -0.03,
      -0.58,
      0.39,
      -0.15,
      0.49,
      0.65,
      1.0,
      0.44,
      0.54,
      0.1
    ],
    [
      0.64,
      0.44,
      -0.12,
      -0.54,
      0.9,
      -0.47,
      0.81,
      0.57,
      0.44,
      1.0,
      0.86,
      0.25
    ],
    [
      0.7,
      0.51,
      -0.09,
      -0.61,
      0.78,
      -0.4,
      0.92,
      0.66,
      0.54,
      0.86,
      1.0,
      0.21
    ],
    [
      -0.07,
      -0.26,
      0.69,
      0.02,
      -0.09,
      -0.47,
      -0.09,
      0.57,
      0.1,
      0.25,
      0.21,
      1.0
    ]
  ],
  "lookback": 50,
  "updated": "2026-05-22T18:10:07.686486"
}