{
  "pairs": [
    "EURUSD",
    "GBPUSD",
    "USDJPY",
    "USDCHF",
    "AUDUSD",
    "USDCAD",
    "NZDUSD",
    "EURJPY",
    "GBPJPY",
    "AUDJPY",
    "NZDJPY",
    "CADJPY"
  ],
  "matrix": [
    [
      1.0,
      0.77,
      -0.47,
      -0.89,
      0.74,
      -0.58,
      0.82,
      0.59,
      0.54,
      0.63,
      0.69,
      0.02
    ],
    [
      0.77,
      1.0,
      -0.41,
      -0.69,
      0.6,
      -0.4,
      0.66,
      0.42,
      0.82,
      0.49,
      0.55,
      -0.07
    ],
    [
      -0.47,
      -0.41,
      1.0,
      0.32,
      -0.55,
      0.37,
      -0.47,
      0.43,
      0.19,
      -0.12,
      -0.04,
      0.66
    ],
    [
      -0.89,
      -0.69,
      0.32,
      1.0,
      -0.62,
      0.45,
      -0.7,
      -0.62,
      -0.55,
      -0.56,
      -0.63,
      -0.05
    ],
    [
      0.74,
      0.6,
      -0.55,
      -0.62,
      1.0,
      -0.55,
      0.88,
      0.25,
      0.31,
      0.9,
      0.73,
      -0.09
    ],
    [
      -0.58,
      -0.4,
      0.37,
      0.45,
      -0.55,
      1.0,
      -0.49,
      -0.26,
      -0.2,
      -0.46,
      -0.37,
      -0.45
    ],
    [
      0.82,
      0.66,
      -0.47,
      -0.7,
      0.88,
      -0.49,
      1.0,
      0.39,
      0.41,
      0.79,
      0.9,
      -0.07
    ],
    [
      0.59,
      0.42,
      0.43,
      -0.62,
      0.25,
      -0.26,
      0.39,
      1.0,
      0.73,
      0.53,
      0.65,
      0.62
    ],
    [
      0.54,
      0.82,
      0.19,
      -0.55,
      0.31,
      -0.2,
      0.41,
      0.73,
      1.0,
      0.46,
      0.56,
      0.35
    ],
    [
      0.63,
      0.49,
      -0.12,
      -0.56,
      0.9,
      -0.46,
      0.79,
      0.53,
      0.46,
      1.0,
      0.84,
      0.25
    ],
    [
      0.69,
      0.55,
      -0.04,
      -0.63,
      0.73,
      -0.37,
      0.9,
      0.65,
      0.56,
      0.84,
      1.0,
      0.25
    ],
    [
      0.02,
      -0.07,
      0.66,
      -0.05,
      -0.09,
      -0.45,
      -0.07,
      0.62,
      0.35,
      0.25,
      0.25,
      1.0
    ]
  ],
  "lookback": 50,
  "updated": "2026-05-23T14:05:38.167119"
}