{
  "pairs": [
    "EURUSD",
    "GBPUSD",
    "USDJPY",
    "USDCHF",
    "AUDUSD",
    "USDCAD",
    "NZDUSD",
    "EURJPY",
    "GBPJPY",
    "AUDJPY",
    "NZDJPY",
    "CADJPY"
  ],
  "matrix": [
    [
      1.0,
      0.49,
      -0.56,
      -0.77,
      0.6,
      -0.58,
      0.64,
      0.56,
      0.28,
      0.38,
      0.44,
      0.0
    ],
    [
      0.49,
      1.0,
      -0.28,
      -0.67,
      0.64,
      -0.34,
      0.69,
      0.41,
      0.92,
      0.55,
      0.61,
      0.07
    ],
    [
      -0.56,
      -0.28,
      1.0,
      0.48,
      -0.39,
      0.4,
      -0.31,
      0.33,
      0.1,
      0.05,
      0.07,
      0.57
    ],
    [
      -0.77,
      -0.67,
      0.48,
      1.0,
      -0.62,
      0.58,
      -0.72,
      -0.48,
      -0.5,
      -0.44,
      -0.57,
      -0.1
    ],
    [
      0.6,
      0.64,
      -0.39,
      -0.62,
      1.0,
      -0.59,
      0.85,
      0.37,
      0.5,
      0.9,
      0.74,
      0.18
    ],
    [
      -0.58,
      -0.34,
      0.4,
      0.58,
      -0.59,
      1.0,
      -0.5,
      -0.26,
      -0.19,
      -0.46,
      -0.37,
      -0.52
    ],
    [
      0.64,
      0.69,
      -0.31,
      -0.72,
      0.85,
      -0.5,
      1.0,
      0.5,
      0.59,
      0.78,
      0.93,
      0.19
    ],
    [
      0.56,
      0.41,
      0.33,
      -0.48,
      0.37,
      -0.26,
      0.5,
      1.0,
      0.56,
      0.55,
      0.66,
      0.57
    ],
    [
      0.28,
      0.92,
      0.1,
      -0.5,
      0.5,
      -0.19,
      0.59,
      0.56,
      1.0,
      0.59,
      0.66,
      0.3
    ],
    [
      0.38,
      0.55,
      0.05,
      -0.44,
      0.9,
      -0.46,
      0.78,
      0.55,
      0.59,
      1.0,
      0.83,
      0.47
    ],
    [
      0.44,
      0.61,
      0.07,
      -0.57,
      0.74,
      -0.37,
      0.93,
      0.66,
      0.66,
      0.83,
      1.0,
      0.42
    ],
    [
      0.0,
      0.07,
      0.57,
      -0.1,
      0.18,
      -0.52,
      0.19,
      0.57,
      0.3,
      0.47,
      0.42,
      1.0
    ]
  ],
  "lookback": 50,
  "updated": "2026-05-18T06:06:39.635412"
}