{
  "pairs": [
    "EURUSD",
    "GBPUSD",
    "USDJPY",
    "USDCHF",
    "AUDUSD",
    "USDCAD",
    "NZDUSD",
    "EURJPY",
    "GBPJPY",
    "AUDJPY",
    "NZDJPY",
    "CADJPY"
  ],
  "matrix": [
    [
      1.0,
      0.62,
      -0.71,
      -0.87,
      0.68,
      -0.46,
      0.71,
      0.61,
      0.37,
      0.4,
      0.46,
      -0.19
    ],
    [
      0.62,
      1.0,
      -0.45,
      -0.77,
      0.75,
      -0.4,
      0.8,
      0.5,
      0.91,
      0.65,
      0.71,
      -0.0
    ],
    [
      -0.71,
      -0.45,
      1.0,
      0.67,
      -0.58,
      0.33,
      -0.53,
      0.09,
      -0.05,
      -0.11,
      -0.11,
      0.55
    ],
    [
      -0.87,
      -0.77,
      0.67,
      1.0,
      -0.74,
      0.45,
      -0.82,
      -0.55,
      -0.55,
      -0.5,
      -0.62,
      0.14
    ],
    [
      0.68,
      0.75,
      -0.58,
      -0.74,
      1.0,
      -0.54,
      0.85,
      0.4,
      0.57,
      0.87,
      0.69,
      0.0
    ],
    [
      -0.46,
      -0.4,
      0.33,
      0.45,
      -0.54,
      1.0,
      -0.49,
      -0.29,
      -0.29,
      -0.46,
      -0.39,
      -0.6
    ],
    [
      0.71,
      0.8,
      -0.53,
      -0.82,
      0.85,
      -0.49,
      1.0,
      0.51,
      0.65,
      0.71,
      0.9,
      0.0
    ],
    [
      0.61,
      0.5,
      0.09,
      -0.55,
      0.4,
      -0.29,
      0.51,
      1.0,
      0.6,
      0.54,
      0.65,
      0.35
    ],
    [
      0.37,
      0.91,
      -0.05,
      -0.55,
      0.57,
      -0.29,
      0.65,
      0.6,
      1.0,
      0.67,
      0.74,
      0.25
    ],
    [
      0.4,
      0.65,
      -0.11,
      -0.5,
      0.87,
      -0.46,
      0.71,
      0.54,
      0.67,
      1.0,
      0.77,
      0.33
    ],
    [
      0.46,
      0.71,
      -0.11,
      -0.62,
      0.69,
      -0.39,
      0.9,
      0.65,
      0.74,
      0.77,
      1.0,
      0.28
    ],
    [
      -0.19,
      -0.0,
      0.55,
      0.14,
      0.0,
      -0.6,
      0.0,
      0.35,
      0.25,
      0.33,
      0.28,
      1.0
    ]
  ],
  "lookback": 50,
  "updated": "2026-05-14T20:56:33.958834"
}