{
  "pairs": [
    "EURUSD",
    "GBPUSD",
    "USDJPY",
    "USDCHF",
    "AUDUSD",
    "USDCAD",
    "NZDUSD",
    "EURJPY",
    "GBPJPY",
    "AUDJPY",
    "NZDJPY",
    "CADJPY"
  ],
  "matrix": [
    [
      1.0,
      0.86,
      -0.47,
      -0.73,
      0.84,
      -0.64,
      0.83,
      -0.14,
      -0.12,
      0.02,
      0.08,
      -0.23
    ],
    [
      0.86,
      1.0,
      -0.43,
      -0.72,
      0.82,
      -0.69,
      0.82,
      -0.15,
      -0.02,
      0.05,
      0.12,
      -0.17
    ],
    [
      -0.47,
      -0.43,
      1.0,
      0.77,
      -0.45,
      0.16,
      -0.53,
      0.94,
      0.91,
      0.82,
      0.77,
      0.93
    ],
    [
      -0.73,
      -0.72,
      0.77,
      1.0,
      -0.7,
      0.44,
      -0.76,
      0.59,
      0.52,
      0.41,
      0.33,
      0.61
    ],
    [
      0.84,
      0.82,
      -0.45,
      -0.7,
      1.0,
      -0.59,
      0.93,
      -0.18,
      -0.12,
      0.14,
      0.18,
      -0.23
    ],
    [
      -0.64,
      -0.69,
      0.16,
      0.44,
      -0.59,
      1.0,
      -0.64,
      -0.06,
      -0.13,
      -0.19,
      -0.29,
      -0.2
    ],
    [
      0.83,
      0.82,
      -0.53,
      -0.76,
      0.93,
      -0.64,
      1.0,
      -0.28,
      -0.21,
      0.01,
      0.14,
      -0.29
    ],
    [
      -0.14,
      -0.15,
      0.94,
      0.59,
      -0.18,
      -0.06,
      -0.28,
      1.0,
      0.97,
      0.93,
      0.89,
      0.96
    ],
    [
      -0.12,
      -0.02,
      0.91,
      0.52,
      -0.12,
      -0.13,
      -0.21,
      0.97,
      1.0,
      0.93,
      0.9,
      0.95
    ],
    [
      0.02,
      0.05,
      0.82,
      0.41,
      0.14,
      -0.19,
      0.01,
      0.93,
      0.93,
      1.0,
      0.97,
      0.89
    ],
    [
      0.08,
      0.12,
      0.77,
      0.33,
      0.18,
      -0.29,
      0.14,
      0.89,
      0.9,
      0.97,
      1.0,
      0.87
    ],
    [
      -0.23,
      -0.17,
      0.93,
      0.61,
      -0.23,
      -0.2,
      -0.29,
      0.96,
      0.95,
      0.89,
      0.87,
      1.0
    ]
  ],
  "lookback": 50,
  "updated": "2026-05-01T14:19:24.634506"
}