{
  "pairs": [
    "EURUSD",
    "GBPUSD",
    "USDJPY",
    "USDCHF",
    "AUDUSD",
    "USDCAD",
    "NZDUSD",
    "EURJPY",
    "GBPJPY",
    "AUDJPY",
    "NZDJPY",
    "CADJPY"
  ],
  "matrix": [
    [
      1.0,
      0.84,
      -0.36,
      -0.67,
      0.75,
      -0.18,
      0.74,
      0.57,
      0.49,
      0.52,
      0.54,
      -0.09
    ],
    [
      0.84,
      1.0,
      -0.43,
      -0.72,
      0.84,
      -0.24,
      0.8,
      0.36,
      0.58,
      0.57,
      0.57,
      -0.08
    ],
    [
      -0.36,
      -0.43,
      1.0,
      0.49,
      -0.32,
      0.18,
      -0.37,
      0.56,
      0.48,
      0.31,
      0.24,
      0.52
    ],
    [
      -0.67,
      -0.72,
      0.49,
      1.0,
      -0.52,
      0.55,
      -0.57,
      -0.17,
      -0.26,
      -0.22,
      -0.28,
      -0.15
    ],
    [
      0.75,
      0.84,
      -0.32,
      -0.52,
      1.0,
      -0.05,
      0.81,
      0.39,
      0.53,
      0.8,
      0.65,
      -0.17
    ],
    [
      -0.18,
      -0.24,
      0.18,
      0.55,
      -0.05,
      1.0,
      -0.19,
      0.0,
      -0.07,
      0.07,
      -0.08,
      -0.75
    ],
    [
      0.74,
      0.8,
      -0.37,
      -0.57,
      0.81,
      -0.19,
      1.0,
      0.33,
      0.44,
      0.58,
      0.81,
      -0.09
    ],
    [
      0.57,
      0.36,
      0.56,
      -0.17,
      0.39,
      0.0,
      0.33,
      1.0,
      0.86,
      0.74,
      0.7,
      0.37
    ],
    [
      0.49,
      0.58,
      0.48,
      -0.26,
      0.53,
      -0.07,
      0.44,
      0.86,
      1.0,
      0.84,
      0.77,
      0.39
    ],
    [
      0.52,
      0.57,
      0.31,
      -0.22,
      0.8,
      0.07,
      0.58,
      0.74,
      0.84,
      1.0,
      0.8,
      0.15
    ],
    [
      0.54,
      0.57,
      0.24,
      -0.28,
      0.65,
      -0.08,
      0.81,
      0.7,
      0.77,
      0.8,
      1.0,
      0.23
    ],
    [
      -0.09,
      -0.08,
      0.52,
      -0.15,
      -0.17,
      -0.75,
      -0.09,
      0.37,
      0.39,
      0.15,
      0.23,
      1.0
    ]
  ],
  "lookback": 50,
  "updated": "2026-04-25T17:03:27.550050"
}