{
  "pairs": [
    "EURUSD",
    "GBPUSD",
    "USDJPY",
    "USDCHF",
    "AUDUSD",
    "USDCAD",
    "NZDUSD",
    "EURJPY",
    "GBPJPY",
    "AUDJPY",
    "NZDJPY",
    "CADJPY"
  ],
  "matrix": [
    [
      1.0,
      0.56,
      -0.61,
      -0.8,
      0.66,
      -0.62,
      0.69,
      0.58,
      0.37,
      0.47,
      0.51,
      -0.01
    ],
    [
      0.56,
      1.0,
      -0.36,
      -0.72,
      0.7,
      -0.42,
      0.74,
      0.44,
      0.93,
      0.62,
      0.66,
      0.07
    ],
    [
      -0.61,
      -0.36,
      1.0,
      0.53,
      -0.47,
      0.45,
      -0.39,
      0.26,
      -0.01,
      -0.08,
      -0.04,
      0.54
    ],
    [
      -0.8,
      -0.72,
      0.53,
      1.0,
      -0.67,
      0.62,
      -0.75,
      -0.49,
      -0.58,
      -0.51,
      -0.61,
      -0.1
    ],
    [
      0.66,
      0.7,
      -0.47,
      -0.67,
      1.0,
      -0.63,
      0.88,
      0.39,
      0.56,
      0.91,
      0.77,
      0.13
    ],
    [
      -0.62,
      -0.42,
      0.45,
      0.62,
      -0.63,
      1.0,
      -0.56,
      -0.3,
      -0.28,
      -0.51,
      -0.43,
      -0.5
    ],
    [
      0.69,
      0.74,
      -0.39,
      -0.75,
      0.88,
      -0.56,
      1.0,
      0.51,
      0.64,
      0.81,
      0.93,
      0.15
    ],
    [
      0.58,
      0.44,
      0.26,
      -0.49,
      0.39,
      -0.3,
      0.51,
      1.0,
      0.57,
      0.56,
      0.66,
      0.55
    ],
    [
      0.37,
      0.93,
      -0.01,
      -0.58,
      0.56,
      -0.28,
      0.64,
      0.57,
      1.0,
      0.63,
      0.69,
      0.28
    ],
    [
      0.47,
      0.62,
      -0.08,
      -0.51,
      0.91,
      -0.51,
      0.81,
      0.56,
      0.63,
      1.0,
      0.85,
      0.4
    ],
    [
      0.51,
      0.66,
      -0.04,
      -0.61,
      0.77,
      -0.43,
      0.93,
      0.66,
      0.69,
      0.85,
      1.0,
      0.37
    ],
    [
      -0.01,
      0.07,
      0.54,
      -0.1,
      0.13,
      -0.5,
      0.15,
      0.55,
      0.28,
      0.4,
      0.37,
      1.0
    ]
  ],
  "lookback": 50,
  "updated": "2026-05-18T12:44:10.244123"
}