{
  "pairs": [
    "EURUSD",
    "GBPUSD",
    "USDJPY",
    "USDCHF",
    "AUDUSD",
    "USDCAD",
    "NZDUSD",
    "EURJPY",
    "GBPJPY",
    "AUDJPY",
    "NZDJPY",
    "CADJPY"
  ],
  "matrix": [
    [
      1.0,
      0.9,
      -0.57,
      -0.69,
      0.81,
      -0.29,
      0.86,
      0.41,
      0.44,
      0.53,
      0.58,
      -0.24
    ],
    [
      0.9,
      1.0,
      -0.68,
      -0.76,
      0.85,
      -0.37,
      0.85,
      0.19,
      0.44,
      0.5,
      0.49,
      -0.26
    ],
    [
      -0.57,
      -0.68,
      1.0,
      0.68,
      -0.51,
      0.37,
      -0.6,
      0.51,
      0.36,
      0.12,
      0.1,
      0.54
    ],
    [
      -0.69,
      -0.76,
      0.68,
      1.0,
      -0.58,
      0.54,
      -0.68,
      0.03,
      -0.14,
      -0.19,
      -0.27,
      0.1
    ],
    [
      0.81,
      0.85,
      -0.51,
      -0.58,
      1.0,
      -0.3,
      0.92,
      0.29,
      0.46,
      0.79,
      0.72,
      -0.17
    ],
    [
      -0.29,
      -0.37,
      0.37,
      0.54,
      -0.3,
      1.0,
      -0.37,
      0.11,
      -0.01,
      -0.09,
      -0.14,
      -0.58
    ],
    [
      0.86,
      0.85,
      -0.6,
      -0.68,
      0.92,
      -0.37,
      1.0,
      0.23,
      0.35,
      0.64,
      0.73,
      -0.2
    ],
    [
      0.41,
      0.19,
      0.51,
      0.03,
      0.29,
      0.11,
      0.23,
      1.0,
      0.87,
      0.69,
      0.72,
      0.34
    ],
    [
      0.44,
      0.44,
      0.36,
      -0.14,
      0.46,
      -0.01,
      0.35,
      0.87,
      1.0,
      0.79,
      0.74,
      0.32
    ],
    [
      0.53,
      0.5,
      0.12,
      -0.19,
      0.79,
      -0.09,
      0.64,
      0.69,
      0.79,
      1.0,
      0.9,
      0.18
    ],
    [
      0.58,
      0.49,
      0.1,
      -0.27,
      0.72,
      -0.14,
      0.73,
      0.72,
      0.74,
      0.9,
      1.0,
      0.21
    ],
    [
      -0.24,
      -0.26,
      0.54,
      0.1,
      -0.17,
      -0.58,
      -0.2,
      0.34,
      0.32,
      0.18,
      0.21,
      1.0
    ]
  ],
  "lookback": 50,
  "updated": "2026-04-20T03:54:19.617431"
}