{
  "pairs": [
    "EURUSD",
    "GBPUSD",
    "USDJPY",
    "USDCHF",
    "AUDUSD",
    "USDCAD",
    "NZDUSD",
    "EURJPY",
    "GBPJPY",
    "AUDJPY",
    "NZDJPY",
    "CADJPY"
  ],
  "matrix": [
    [
      1.0,
      0.87,
      -0.5,
      -0.69,
      0.76,
      -0.7,
      0.76,
      -0.19,
      -0.15,
      -0.11,
      -0.04,
      -0.25
    ],
    [
      0.87,
      1.0,
      -0.45,
      -0.69,
      0.74,
      -0.72,
      0.74,
      -0.18,
      -0.04,
      -0.07,
      -0.0,
      -0.19
    ],
    [
      -0.5,
      -0.45,
      1.0,
      0.81,
      -0.45,
      0.2,
      -0.53,
      0.95,
      0.91,
      0.85,
      0.8,
      0.94
    ],
    [
      -0.69,
      -0.69,
      0.81,
      1.0,
      -0.65,
      0.45,
      -0.73,
      0.65,
      0.58,
      0.52,
      0.43,
      0.65
    ],
    [
      0.76,
      0.74,
      -0.45,
      -0.65,
      1.0,
      -0.6,
      0.93,
      -0.22,
      -0.16,
      0.09,
      0.14,
      -0.24
    ],
    [
      -0.7,
      -0.72,
      0.2,
      0.45,
      -0.6,
      1.0,
      -0.62,
      -0.03,
      -0.11,
      -0.13,
      -0.21,
      -0.16
    ],
    [
      0.76,
      0.74,
      -0.53,
      -0.73,
      0.93,
      -0.62,
      1.0,
      -0.32,
      -0.25,
      -0.05,
      0.09,
      -0.31
    ],
    [
      -0.19,
      -0.18,
      0.95,
      0.65,
      -0.22,
      -0.03,
      -0.32,
      1.0,
      0.97,
      0.92,
      0.89,
      0.97
    ],
    [
      -0.15,
      -0.04,
      0.91,
      0.58,
      -0.16,
      -0.11,
      -0.25,
      0.97,
      1.0,
      0.92,
      0.89,
      0.96
    ],
    [
      -0.11,
      -0.07,
      0.85,
      0.52,
      0.09,
      -0.13,
      -0.05,
      0.92,
      0.92,
      1.0,
      0.97,
      0.9
    ],
    [
      -0.04,
      -0.0,
      0.8,
      0.43,
      0.14,
      -0.21,
      0.09,
      0.89,
      0.89,
      0.97,
      1.0,
      0.88
    ],
    [
      -0.25,
      -0.19,
      0.94,
      0.65,
      -0.24,
      -0.16,
      -0.31,
      0.97,
      0.96,
      0.9,
      0.88,
      1.0
    ]
  ],
  "lookback": 50,
  "updated": "2026-05-02T13:51:33.015982"
}