{
  "pairs": [
    "EURUSD",
    "GBPUSD",
    "USDJPY",
    "USDCHF",
    "AUDUSD",
    "USDCAD",
    "NZDUSD",
    "EURJPY",
    "GBPJPY",
    "AUDJPY",
    "NZDJPY",
    "CADJPY"
  ],
  "matrix": [
    [
      1.0,
      0.91,
      -0.6,
      -0.73,
      0.84,
      -0.36,
      0.85,
      0.4,
      0.41,
      0.52,
      0.56,
      -0.21
    ],
    [
      0.91,
      1.0,
      -0.68,
      -0.79,
      0.86,
      -0.47,
      0.85,
      0.21,
      0.43,
      0.48,
      0.48,
      -0.18
    ],
    [
      -0.6,
      -0.68,
      1.0,
      0.67,
      -0.55,
      0.41,
      -0.64,
      0.49,
      0.38,
      0.14,
      0.09,
      0.52
    ],
    [
      -0.73,
      -0.79,
      0.67,
      1.0,
      -0.67,
      0.56,
      -0.74,
      -0.03,
      -0.17,
      -0.27,
      -0.34,
      0.08
    ],
    [
      0.84,
      0.86,
      -0.55,
      -0.67,
      1.0,
      -0.5,
      0.91,
      0.27,
      0.41,
      0.75,
      0.68,
      -0.04
    ],
    [
      -0.36,
      -0.47,
      0.41,
      0.56,
      -0.5,
      1.0,
      -0.51,
      0.08,
      -0.09,
      -0.26,
      -0.28,
      -0.56
    ],
    [
      0.85,
      0.85,
      -0.64,
      -0.74,
      0.91,
      -0.51,
      1.0,
      0.2,
      0.29,
      0.58,
      0.71,
      -0.11
    ],
    [
      0.4,
      0.21,
      0.49,
      -0.03,
      0.27,
      0.08,
      0.2,
      1.0,
      0.88,
      0.72,
      0.71,
      0.37
    ],
    [
      0.41,
      0.43,
      0.38,
      -0.17,
      0.41,
      -0.09,
      0.29,
      0.88,
      1.0,
      0.78,
      0.71,
      0.42
    ],
    [
      0.52,
      0.48,
      0.14,
      -0.27,
      0.75,
      -0.26,
      0.58,
      0.72,
      0.78,
      1.0,
      0.88,
      0.37
    ],
    [
      0.56,
      0.48,
      0.09,
      -0.34,
      0.68,
      -0.28,
      0.71,
      0.71,
      0.71,
      0.88,
      1.0,
      0.34
    ],
    [
      -0.21,
      -0.18,
      0.52,
      0.08,
      -0.04,
      -0.56,
      -0.11,
      0.37,
      0.42,
      0.37,
      0.34,
      1.0
    ]
  ],
  "lookback": 50,
  "updated": "2026-04-19T13:36:25.275498"
}