{
  "pairs": [
    "EURUSD",
    "GBPUSD",
    "USDJPY",
    "USDCHF",
    "AUDUSD",
    "USDCAD",
    "NZDUSD",
    "EURJPY",
    "GBPJPY",
    "AUDJPY",
    "NZDJPY",
    "CADJPY"
  ],
  "matrix": [
    [
      1.0,
      0.65,
      -0.43,
      -0.88,
      0.73,
      -0.55,
      0.78,
      0.15,
      0.13,
      0.24,
      0.37,
      -0.2
    ],
    [
      0.65,
      1.0,
      -0.24,
      -0.78,
      0.78,
      -0.54,
      0.83,
      0.2,
      0.54,
      0.47,
      0.61,
      0.0
    ],
    [
      -0.43,
      -0.24,
      1.0,
      0.53,
      -0.47,
      0.34,
      -0.5,
      0.82,
      0.68,
      0.59,
      0.47,
      0.9
    ],
    [
      -0.88,
      -0.78,
      0.53,
      1.0,
      -0.8,
      0.57,
      -0.86,
      0.01,
      -0.13,
      -0.19,
      -0.36,
      0.29
    ],
    [
      0.73,
      0.78,
      -0.47,
      -0.8,
      1.0,
      -0.66,
      0.89,
      -0.03,
      0.19,
      0.43,
      0.44,
      -0.19
    ],
    [
      -0.55,
      -0.54,
      0.34,
      0.57,
      -0.66,
      1.0,
      -0.58,
      0.02,
      -0.12,
      -0.26,
      -0.26,
      -0.1
    ],
    [
      0.78,
      0.83,
      -0.5,
      -0.86,
      0.89,
      -0.58,
      1.0,
      -0.03,
      0.19,
      0.29,
      0.52,
      -0.26
    ],
    [
      0.15,
      0.2,
      0.82,
      0.01,
      -0.03,
      0.02,
      -0.03,
      1.0,
      0.86,
      0.81,
      0.78,
      0.86
    ],
    [
      0.13,
      0.54,
      0.68,
      -0.13,
      0.19,
      -0.12,
      0.19,
      0.86,
      1.0,
      0.87,
      0.87,
      0.78
    ],
    [
      0.24,
      0.47,
      0.59,
      -0.19,
      0.43,
      -0.26,
      0.29,
      0.81,
      0.87,
      1.0,
      0.88,
      0.74
    ],
    [
      0.37,
      0.61,
      0.47,
      -0.36,
      0.44,
      -0.26,
      0.52,
      0.78,
      0.87,
      0.88,
      1.0,
      0.62
    ],
    [
      -0.2,
      0.0,
      0.9,
      0.29,
      -0.19,
      -0.1,
      -0.26,
      0.86,
      0.78,
      0.74,
      0.62,
      1.0
    ]
  ],
  "lookback": 50,
  "updated": "2026-05-13T21:48:19.512927"
}