{
  "pairs": [
    "EURUSD",
    "GBPUSD",
    "USDJPY",
    "USDCHF",
    "AUDUSD",
    "USDCAD",
    "NZDUSD",
    "EURJPY",
    "GBPJPY",
    "AUDJPY",
    "NZDJPY",
    "CADJPY"
  ],
  "matrix": [
    [
      1.0,
      0.7,
      -0.42,
      -0.87,
      0.82,
      -0.58,
      0.8,
      0.12,
      0.15,
      0.3,
      0.39,
      -0.18
    ],
    [
      0.7,
      1.0,
      -0.24,
      -0.81,
      0.79,
      -0.61,
      0.84,
      0.2,
      0.52,
      0.45,
      0.6,
      0.03
    ],
    [
      -0.42,
      -0.24,
      1.0,
      0.53,
      -0.42,
      0.34,
      -0.47,
      0.85,
      0.7,
      0.62,
      0.5,
      0.9
    ],
    [
      -0.87,
      -0.81,
      0.53,
      1.0,
      -0.85,
      0.61,
      -0.89,
      0.04,
      -0.13,
      -0.22,
      -0.37,
      0.27
    ],
    [
      0.82,
      0.79,
      -0.42,
      -0.85,
      1.0,
      -0.67,
      0.89,
      0.04,
      0.21,
      0.45,
      0.47,
      -0.14
    ],
    [
      -0.58,
      -0.61,
      0.34,
      0.61,
      -0.67,
      1.0,
      -0.62,
      0.03,
      -0.14,
      -0.24,
      -0.27,
      -0.09
    ],
    [
      0.8,
      0.84,
      -0.47,
      -0.89,
      0.89,
      -0.62,
      1.0,
      -0.02,
      0.2,
      0.3,
      0.53,
      -0.21
    ],
    [
      0.12,
      0.2,
      0.85,
      0.04,
      0.04,
      0.03,
      -0.02,
      1.0,
      0.89,
      0.87,
      0.8,
      0.88
    ],
    [
      0.15,
      0.52,
      0.7,
      -0.13,
      0.21,
      -0.14,
      0.2,
      0.89,
      1.0,
      0.88,
      0.88,
      0.82
    ],
    [
      0.3,
      0.45,
      0.62,
      -0.22,
      0.45,
      -0.24,
      0.3,
      0.87,
      0.88,
      1.0,
      0.89,
      0.77
    ],
    [
      0.39,
      0.6,
      0.5,
      -0.37,
      0.47,
      -0.27,
      0.53,
      0.8,
      0.88,
      0.89,
      1.0,
      0.66
    ],
    [
      -0.18,
      0.03,
      0.9,
      0.27,
      -0.14,
      -0.09,
      -0.21,
      0.88,
      0.82,
      0.77,
      0.66,
      1.0
    ]
  ],
  "lookback": 50,
  "updated": "2026-05-13T04:16:21.196711"
}