{
  "pairs": [
    "EURUSD",
    "GBPUSD",
    "USDJPY",
    "USDCHF",
    "AUDUSD",
    "USDCAD",
    "NZDUSD",
    "EURJPY",
    "GBPJPY",
    "AUDJPY",
    "NZDJPY",
    "CADJPY"
  ],
  "matrix": [
    [
      1.0,
      0.93,
      -0.47,
      -0.74,
      0.83,
      -0.58,
      0.8,
      -0.17,
      -0.08,
      -0.01,
      0.07,
      -0.31
    ],
    [
      0.93,
      1.0,
      -0.43,
      -0.76,
      0.81,
      -0.71,
      0.81,
      -0.15,
      -0.01,
      0.02,
      0.12,
      -0.23
    ],
    [
      -0.47,
      -0.43,
      1.0,
      0.82,
      -0.42,
      0.25,
      -0.53,
      0.95,
      0.91,
      0.84,
      0.76,
      0.96
    ],
    [
      -0.74,
      -0.76,
      0.82,
      1.0,
      -0.7,
      0.46,
      -0.76,
      0.65,
      0.55,
      0.47,
      0.37,
      0.71
    ],
    [
      0.83,
      0.81,
      -0.42,
      -0.7,
      1.0,
      -0.51,
      0.91,
      -0.18,
      -0.09,
      0.14,
      0.2,
      -0.28
    ],
    [
      -0.58,
      -0.71,
      0.25,
      0.46,
      -0.51,
      1.0,
      -0.53,
      0.08,
      -0.05,
      -0.03,
      -0.11,
      -0.03
    ],
    [
      0.8,
      0.81,
      -0.53,
      -0.76,
      0.91,
      -0.53,
      1.0,
      -0.31,
      -0.21,
      -0.03,
      0.15,
      -0.39
    ],
    [
      -0.17,
      -0.15,
      0.95,
      0.65,
      -0.18,
      0.08,
      -0.31,
      1.0,
      0.98,
      0.93,
      0.87,
      0.96
    ],
    [
      -0.08,
      -0.01,
      0.91,
      0.55,
      -0.09,
      -0.05,
      -0.21,
      0.98,
      1.0,
      0.94,
      0.9,
      0.95
    ],
    [
      -0.01,
      0.02,
      0.84,
      0.47,
      0.14,
      -0.03,
      -0.03,
      0.93,
      0.94,
      1.0,
      0.95,
      0.87
    ],
    [
      0.07,
      0.12,
      0.76,
      0.37,
      0.2,
      -0.11,
      0.15,
      0.87,
      0.9,
      0.95,
      1.0,
      0.82
    ],
    [
      -0.31,
      -0.23,
      0.96,
      0.71,
      -0.28,
      -0.03,
      -0.39,
      0.96,
      0.95,
      0.87,
      0.82,
      1.0
    ]
  ],
  "lookback": 50,
  "updated": "2026-05-06T10:29:45.136283"
}