{
  "pairs": [
    "EURUSD",
    "GBPUSD",
    "USDJPY",
    "USDCHF",
    "AUDUSD",
    "USDCAD",
    "NZDUSD",
    "EURJPY",
    "GBPJPY",
    "AUDJPY",
    "NZDJPY",
    "CADJPY"
  ],
  "matrix": [
    [
      1.0,
      0.57,
      -0.61,
      -0.79,
      0.63,
      -0.6,
      0.68,
      0.57,
      0.38,
      0.45,
      0.51,
      -0.02
    ],
    [
      0.57,
      1.0,
      -0.35,
      -0.7,
      0.63,
      -0.39,
      0.7,
      0.45,
      0.93,
      0.56,
      0.63,
      0.07
    ],
    [
      -0.61,
      -0.35,
      1.0,
      0.52,
      -0.49,
      0.44,
      -0.41,
      0.28,
      0.01,
      -0.1,
      -0.06,
      0.56
    ],
    [
      -0.79,
      -0.7,
      0.52,
      1.0,
      -0.65,
      0.62,
      -0.74,
      -0.48,
      -0.55,
      -0.5,
      -0.6,
      -0.1
    ],
    [
      0.63,
      0.63,
      -0.49,
      -0.65,
      1.0,
      -0.6,
      0.88,
      0.34,
      0.48,
      0.92,
      0.78,
      0.09
    ],
    [
      -0.6,
      -0.39,
      0.44,
      0.62,
      -0.6,
      1.0,
      -0.54,
      -0.28,
      -0.25,
      -0.49,
      -0.42,
      -0.5
    ],
    [
      0.68,
      0.7,
      -0.41,
      -0.74,
      0.88,
      -0.54,
      1.0,
      0.48,
      0.58,
      0.82,
      0.93,
      0.12
    ],
    [
      0.57,
      0.45,
      0.28,
      -0.48,
      0.34,
      -0.28,
      0.48,
      1.0,
      0.58,
      0.51,
      0.64,
      0.56
    ],
    [
      0.38,
      0.93,
      0.01,
      -0.55,
      0.48,
      -0.25,
      0.58,
      0.58,
      1.0,
      0.55,
      0.64,
      0.28
    ],
    [
      0.45,
      0.56,
      -0.1,
      -0.5,
      0.92,
      -0.49,
      0.82,
      0.51,
      0.55,
      1.0,
      0.85,
      0.36
    ],
    [
      0.51,
      0.63,
      -0.06,
      -0.6,
      0.78,
      -0.42,
      0.93,
      0.64,
      0.64,
      0.85,
      1.0,
      0.34
    ],
    [
      -0.02,
      0.07,
      0.56,
      -0.1,
      0.09,
      -0.5,
      0.12,
      0.56,
      0.28,
      0.36,
      0.34,
      1.0
    ]
  ],
  "lookback": 50,
  "updated": "2026-05-18T15:58:31.385269"
}