{
  "pairs": [
    "EURUSD",
    "GBPUSD",
    "USDJPY",
    "USDCHF",
    "AUDUSD",
    "USDCAD",
    "NZDUSD",
    "EURJPY",
    "GBPJPY",
    "AUDJPY",
    "NZDJPY",
    "CADJPY"
  ],
  "matrix": [
    [
      1.0,
      0.6,
      -0.7,
      -0.86,
      0.68,
      -0.46,
      0.7,
      0.61,
      0.36,
      0.42,
      0.47,
      -0.18
    ],
    [
      0.6,
      1.0,
      -0.43,
      -0.74,
      0.71,
      -0.37,
      0.76,
      0.5,
      0.91,
      0.6,
      0.67,
      -0.01
    ],
    [
      -0.7,
      -0.43,
      1.0,
      0.65,
      -0.52,
      0.31,
      -0.47,
      0.11,
      -0.03,
      -0.08,
      -0.08,
      0.57
    ],
    [
      -0.86,
      -0.74,
      0.65,
      1.0,
      -0.7,
      0.47,
      -0.78,
      -0.54,
      -0.53,
      -0.47,
      -0.58,
      0.12
    ],
    [
      0.68,
      0.71,
      -0.52,
      -0.7,
      1.0,
      -0.51,
      0.87,
      0.44,
      0.55,
      0.89,
      0.74,
      0.02
    ],
    [
      -0.46,
      -0.37,
      0.31,
      0.47,
      -0.51,
      1.0,
      -0.46,
      -0.3,
      -0.27,
      -0.42,
      -0.37,
      -0.6
    ],
    [
      0.7,
      0.76,
      -0.47,
      -0.78,
      0.87,
      -0.46,
      1.0,
      0.54,
      0.63,
      0.76,
      0.92,
      0.02
    ],
    [
      0.61,
      0.5,
      0.11,
      -0.54,
      0.44,
      -0.3,
      0.54,
      1.0,
      0.6,
      0.57,
      0.66,
      0.37
    ],
    [
      0.36,
      0.91,
      -0.03,
      -0.53,
      0.55,
      -0.27,
      0.63,
      0.6,
      1.0,
      0.63,
      0.7,
      0.24
    ],
    [
      0.42,
      0.6,
      -0.08,
      -0.47,
      0.89,
      -0.42,
      0.76,
      0.57,
      0.63,
      1.0,
      0.81,
      0.31
    ],
    [
      0.47,
      0.67,
      -0.08,
      -0.58,
      0.74,
      -0.37,
      0.92,
      0.66,
      0.7,
      0.81,
      1.0,
      0.28
    ],
    [
      -0.18,
      -0.01,
      0.57,
      0.12,
      0.02,
      -0.6,
      0.02,
      0.37,
      0.24,
      0.31,
      0.28,
      1.0
    ]
  ],
  "lookback": 50,
  "updated": "2026-05-15T13:23:57.591993"
}