{
  "pairs": [
    "EURUSD",
    "GBPUSD",
    "USDJPY",
    "USDCHF",
    "AUDUSD",
    "USDCAD",
    "NZDUSD",
    "EURJPY",
    "GBPJPY",
    "AUDJPY",
    "NZDJPY",
    "CADJPY"
  ],
  "matrix": [
    [
      1.0,
      0.79,
      -0.52,
      -0.7,
      0.71,
      -0.09,
      0.69,
      0.57,
      0.44,
      0.49,
      0.46,
      -0.19
    ],
    [
      0.79,
      1.0,
      -0.54,
      -0.72,
      0.81,
      -0.18,
      0.76,
      0.32,
      0.66,
      0.6,
      0.53,
      -0.13
    ],
    [
      -0.52,
      -0.54,
      1.0,
      0.44,
      -0.43,
      0.14,
      -0.38,
      0.41,
      0.28,
      0.08,
      0.13,
      0.42
    ],
    [
      -0.7,
      -0.72,
      0.44,
      1.0,
      -0.51,
      0.53,
      -0.52,
      -0.31,
      -0.42,
      -0.31,
      -0.32,
      -0.25
    ],
    [
      0.71,
      0.81,
      -0.43,
      -0.51,
      1.0,
      0.02,
      0.79,
      0.33,
      0.55,
      0.86,
      0.61,
      -0.25
    ],
    [
      -0.09,
      -0.18,
      0.14,
      0.53,
      0.02,
      1.0,
      -0.11,
      0.04,
      -0.08,
      0.1,
      -0.05,
      -0.84
    ],
    [
      0.69,
      0.76,
      -0.38,
      -0.52,
      0.79,
      -0.11,
      1.0,
      0.37,
      0.54,
      0.66,
      0.87,
      -0.1
    ],
    [
      0.57,
      0.32,
      0.41,
      -0.31,
      0.33,
      0.04,
      0.37,
      1.0,
      0.73,
      0.6,
      0.61,
      0.19
    ],
    [
      0.44,
      0.66,
      0.28,
      -0.42,
      0.55,
      -0.08,
      0.54,
      0.73,
      1.0,
      0.76,
      0.72,
      0.22
    ],
    [
      0.49,
      0.6,
      0.08,
      -0.31,
      0.86,
      0.1,
      0.66,
      0.6,
      0.76,
      1.0,
      0.75,
      -0.05
    ],
    [
      0.46,
      0.53,
      0.13,
      -0.32,
      0.61,
      -0.05,
      0.87,
      0.61,
      0.72,
      0.75,
      1.0,
      0.11
    ],
    [
      -0.19,
      -0.13,
      0.42,
      -0.25,
      -0.25,
      -0.84,
      -0.1,
      0.19,
      0.22,
      -0.05,
      0.11,
      1.0
    ]
  ],
  "lookback": 50,
  "updated": "2026-04-26T09:15:57.295989"
}