{
  "pairs": [
    "EURUSD",
    "GBPUSD",
    "USDJPY",
    "USDCHF",
    "AUDUSD",
    "USDCAD",
    "NZDUSD",
    "EURJPY",
    "GBPJPY",
    "AUDJPY",
    "NZDJPY",
    "CADJPY"
  ],
  "matrix": [
    [
      1.0,
      0.94,
      -0.46,
      -0.78,
      0.85,
      -0.68,
      0.83,
      -0.13,
      -0.03,
      0.02,
      0.1,
      -0.26
    ],
    [
      0.94,
      1.0,
      -0.43,
      -0.78,
      0.84,
      -0.75,
      0.85,
      -0.12,
      0.03,
      0.05,
      0.15,
      -0.21
    ],
    [
      -0.46,
      -0.43,
      1.0,
      0.8,
      -0.44,
      0.28,
      -0.54,
      0.94,
      0.89,
      0.83,
      0.76,
      0.95
    ],
    [
      -0.78,
      -0.78,
      0.8,
      1.0,
      -0.76,
      0.49,
      -0.81,
      0.6,
      0.5,
      0.42,
      0.33,
      0.68
    ],
    [
      0.85,
      0.84,
      -0.44,
      -0.76,
      1.0,
      -0.64,
      0.9,
      -0.16,
      -0.06,
      0.14,
      0.18,
      -0.25
    ],
    [
      -0.68,
      -0.75,
      0.28,
      0.49,
      -0.64,
      1.0,
      -0.58,
      0.05,
      -0.07,
      -0.09,
      -0.12,
      -0.02
    ],
    [
      0.83,
      0.85,
      -0.54,
      -0.81,
      0.9,
      -0.58,
      1.0,
      -0.29,
      -0.18,
      -0.04,
      0.13,
      -0.38
    ],
    [
      -0.13,
      -0.12,
      0.94,
      0.6,
      -0.16,
      0.05,
      -0.29,
      1.0,
      0.98,
      0.94,
      0.89,
      0.96
    ],
    [
      -0.03,
      0.03,
      0.89,
      0.5,
      -0.06,
      -0.07,
      -0.18,
      0.98,
      1.0,
      0.94,
      0.92,
      0.95
    ],
    [
      0.02,
      0.05,
      0.83,
      0.42,
      0.14,
      -0.09,
      -0.04,
      0.94,
      0.94,
      1.0,
      0.95,
      0.89
    ],
    [
      0.1,
      0.15,
      0.76,
      0.33,
      0.18,
      -0.12,
      0.13,
      0.89,
      0.92,
      0.95,
      1.0,
      0.83
    ],
    [
      -0.26,
      -0.21,
      0.95,
      0.68,
      -0.25,
      -0.02,
      -0.38,
      0.96,
      0.95,
      0.89,
      0.83,
      1.0
    ]
  ],
  "lookback": 50,
  "updated": "2026-05-08T07:13:05.546925"
}