{
  "pairs": [
    "EURUSD",
    "GBPUSD",
    "USDJPY",
    "USDCHF",
    "AUDUSD",
    "USDCAD",
    "NZDUSD",
    "EURJPY",
    "GBPJPY",
    "AUDJPY",
    "NZDJPY",
    "CADJPY"
  ],
  "matrix": [
    [
      1.0,
      0.56,
      -0.6,
      -0.8,
      0.65,
      -0.61,
      0.68,
      0.58,
      0.37,
      0.45,
      0.5,
      0.02
    ],
    [
      0.56,
      1.0,
      -0.35,
      -0.72,
      0.69,
      -0.41,
      0.73,
      0.44,
      0.93,
      0.61,
      0.65,
      0.09
    ],
    [
      -0.6,
      -0.35,
      1.0,
      0.52,
      -0.45,
      0.44,
      -0.37,
      0.27,
      0.0,
      -0.05,
      -0.01,
      0.53
    ],
    [
      -0.8,
      -0.72,
      0.52,
      1.0,
      -0.68,
      0.63,
      -0.76,
      -0.49,
      -0.57,
      -0.51,
      -0.61,
      -0.12
    ],
    [
      0.65,
      0.69,
      -0.45,
      -0.68,
      1.0,
      -0.62,
      0.88,
      0.39,
      0.57,
      0.91,
      0.76,
      0.17
    ],
    [
      -0.61,
      -0.41,
      0.44,
      0.63,
      -0.62,
      1.0,
      -0.55,
      -0.29,
      -0.27,
      -0.5,
      -0.42,
      -0.53
    ],
    [
      0.68,
      0.73,
      -0.37,
      -0.76,
      0.88,
      -0.55,
      1.0,
      0.52,
      0.64,
      0.81,
      0.93,
      0.19
    ],
    [
      0.58,
      0.44,
      0.27,
      -0.49,
      0.39,
      -0.29,
      0.52,
      1.0,
      0.57,
      0.56,
      0.66,
      0.55
    ],
    [
      0.37,
      0.93,
      0.0,
      -0.57,
      0.57,
      -0.27,
      0.64,
      0.57,
      1.0,
      0.63,
      0.69,
      0.29
    ],
    [
      0.45,
      0.61,
      -0.05,
      -0.51,
      0.91,
      -0.5,
      0.81,
      0.56,
      0.63,
      1.0,
      0.85,
      0.44
    ],
    [
      0.5,
      0.65,
      -0.01,
      -0.61,
      0.76,
      -0.42,
      0.93,
      0.66,
      0.69,
      0.85,
      1.0,
      0.4
    ],
    [
      0.02,
      0.09,
      0.53,
      -0.12,
      0.17,
      -0.53,
      0.19,
      0.55,
      0.29,
      0.44,
      0.4,
      1.0
    ]
  ],
  "lookback": 50,
  "updated": "2026-05-18T11:55:04.270515"
}