{
  "pairs": [
    "EURUSD",
    "GBPUSD",
    "USDJPY",
    "USDCHF",
    "AUDUSD",
    "USDCAD",
    "NZDUSD",
    "EURJPY",
    "GBPJPY",
    "AUDJPY",
    "NZDJPY",
    "CADJPY"
  ],
  "matrix": [
    [
      1.0,
      0.92,
      -0.49,
      -0.75,
      0.78,
      -0.64,
      0.75,
      -0.17,
      -0.09,
      -0.05,
      0.02,
      -0.26
    ],
    [
      0.92,
      1.0,
      -0.5,
      -0.75,
      0.8,
      -0.67,
      0.76,
      -0.2,
      -0.06,
      -0.04,
      0.02,
      -0.25
    ],
    [
      -0.49,
      -0.5,
      1.0,
      0.84,
      -0.42,
      0.19,
      -0.5,
      0.94,
      0.9,
      0.83,
      0.75,
      0.93
    ],
    [
      -0.75,
      -0.75,
      0.84,
      1.0,
      -0.67,
      0.42,
      -0.73,
      0.66,
      0.58,
      0.5,
      0.39,
      0.69
    ],
    [
      0.78,
      0.8,
      -0.42,
      -0.67,
      1.0,
      -0.51,
      0.87,
      -0.17,
      -0.08,
      0.16,
      0.19,
      -0.23
    ],
    [
      -0.64,
      -0.67,
      0.19,
      0.42,
      -0.51,
      1.0,
      -0.57,
      -0.03,
      -0.12,
      -0.11,
      -0.21,
      -0.18
    ],
    [
      0.75,
      0.76,
      -0.5,
      -0.73,
      0.87,
      -0.57,
      1.0,
      -0.27,
      -0.18,
      0.0,
      0.2,
      -0.29
    ],
    [
      -0.17,
      -0.2,
      0.94,
      0.66,
      -0.17,
      -0.03,
      -0.27,
      1.0,
      0.98,
      0.92,
      0.86,
      0.96
    ],
    [
      -0.09,
      -0.06,
      0.9,
      0.58,
      -0.08,
      -0.12,
      -0.18,
      0.98,
      1.0,
      0.93,
      0.87,
      0.94
    ],
    [
      -0.05,
      -0.04,
      0.83,
      0.5,
      0.16,
      -0.11,
      0.0,
      0.92,
      0.93,
      1.0,
      0.94,
      0.87
    ],
    [
      0.02,
      0.02,
      0.75,
      0.39,
      0.19,
      -0.21,
      0.2,
      0.86,
      0.87,
      0.94,
      1.0,
      0.83
    ],
    [
      -0.26,
      -0.25,
      0.93,
      0.69,
      -0.23,
      -0.18,
      -0.29,
      0.96,
      0.94,
      0.87,
      0.83,
      1.0
    ]
  ],
  "lookback": 50,
  "updated": "2026-05-05T06:30:32.866895"
}