{
  "pairs": [
    "EURUSD",
    "GBPUSD",
    "USDJPY",
    "USDCHF",
    "AUDUSD",
    "USDCAD",
    "NZDUSD",
    "EURJPY",
    "GBPJPY",
    "AUDJPY",
    "NZDJPY",
    "CADJPY"
  ],
  "matrix": [
    [
      1.0,
      0.95,
      -0.84,
      -0.85,
      0.85,
      -0.69,
      0.81,
      0.45,
      0.64,
      0.63,
      0.59,
      -0.47
    ],
    [
      0.95,
      1.0,
      -0.88,
      -0.86,
      0.86,
      -0.72,
      0.85,
      0.28,
      0.68,
      0.6,
      0.61,
      -0.5
    ],
    [
      -0.84,
      -0.88,
      1.0,
      0.81,
      -0.81,
      0.67,
      -0.82,
      0.11,
      -0.26,
      -0.44,
      -0.48,
      0.71
    ],
    [
      -0.85,
      -0.86,
      0.81,
      1.0,
      -0.76,
      0.72,
      -0.77,
      -0.22,
      -0.51,
      -0.51,
      -0.56,
      0.4
    ],
    [
      0.85,
      0.86,
      -0.81,
      -0.76,
      1.0,
      -0.83,
      0.9,
      0.22,
      0.49,
      0.88,
      0.75,
      -0.31
    ],
    [
      -0.69,
      -0.72,
      0.67,
      0.72,
      -0.83,
      1.0,
      -0.8,
      -0.16,
      -0.43,
      -0.73,
      -0.71,
      -0.05
    ],
    [
      0.81,
      0.85,
      -0.82,
      -0.77,
      0.9,
      -0.8,
      1.0,
      0.14,
      0.46,
      0.72,
      0.9,
      -0.34
    ],
    [
      0.45,
      0.28,
      0.11,
      -0.22,
      0.22,
      -0.16,
      0.14,
      1.0,
      0.74,
      0.43,
      0.29,
      0.3
    ],
    [
      0.64,
      0.68,
      -0.26,
      -0.51,
      0.49,
      -0.43,
      0.46,
      0.74,
      1.0,
      0.55,
      0.51,
      0.06
    ],
    [
      0.63,
      0.6,
      -0.44,
      -0.51,
      0.88,
      -0.73,
      0.72,
      0.43,
      0.55,
      1.0,
      0.76,
      0.1
    ],
    [
      0.59,
      0.61,
      -0.48,
      -0.56,
      0.75,
      -0.71,
      0.9,
      0.29,
      0.51,
      0.76,
      1.0,
      0.03
    ],
    [
      -0.47,
      -0.5,
      0.71,
      0.4,
      -0.31,
      -0.05,
      -0.34,
      0.3,
      0.06,
      0.1,
      0.03,
      1.0
    ]
  ],
  "lookback": 50,
  "updated": "2026-04-15T03:44:11.285723"
}