{
  "pairs": [
    "EURUSD",
    "GBPUSD",
    "USDJPY",
    "USDCHF",
    "AUDUSD",
    "USDCAD",
    "NZDUSD",
    "EURJPY",
    "GBPJPY",
    "AUDJPY",
    "NZDJPY",
    "CADJPY"
  ],
  "matrix": [
    [
      1.0,
      0.86,
      -0.47,
      -0.71,
      0.85,
      -0.67,
      0.83,
      -0.16,
      -0.12,
      0.02,
      0.09,
      -0.22
    ],
    [
      0.86,
      1.0,
      -0.43,
      -0.73,
      0.82,
      -0.71,
      0.82,
      -0.17,
      -0.02,
      0.04,
      0.13,
      -0.17
    ],
    [
      -0.47,
      -0.43,
      1.0,
      0.77,
      -0.46,
      0.15,
      -0.55,
      0.95,
      0.91,
      0.82,
      0.76,
      0.93
    ],
    [
      -0.71,
      -0.73,
      0.77,
      1.0,
      -0.69,
      0.46,
      -0.75,
      0.6,
      0.52,
      0.41,
      0.33,
      0.59
    ],
    [
      0.85,
      0.82,
      -0.46,
      -0.69,
      1.0,
      -0.62,
      0.92,
      -0.21,
      -0.13,
      0.13,
      0.18,
      -0.23
    ],
    [
      -0.67,
      -0.71,
      0.15,
      0.46,
      -0.62,
      1.0,
      -0.67,
      -0.08,
      -0.16,
      -0.24,
      -0.35,
      -0.22
    ],
    [
      0.83,
      0.82,
      -0.55,
      -0.75,
      0.92,
      -0.67,
      1.0,
      -0.31,
      -0.23,
      -0.02,
      0.13,
      -0.3
    ],
    [
      -0.16,
      -0.17,
      0.95,
      0.6,
      -0.21,
      -0.08,
      -0.31,
      1.0,
      0.97,
      0.93,
      0.88,
      0.96
    ],
    [
      -0.12,
      -0.02,
      0.91,
      0.52,
      -0.13,
      -0.16,
      -0.23,
      0.97,
      1.0,
      0.93,
      0.9,
      0.96
    ],
    [
      0.02,
      0.04,
      0.82,
      0.41,
      0.13,
      -0.24,
      -0.02,
      0.93,
      0.93,
      1.0,
      0.96,
      0.89
    ],
    [
      0.09,
      0.13,
      0.76,
      0.33,
      0.18,
      -0.35,
      0.13,
      0.88,
      0.9,
      0.96,
      1.0,
      0.87
    ],
    [
      -0.22,
      -0.17,
      0.93,
      0.59,
      -0.23,
      -0.22,
      -0.3,
      0.96,
      0.96,
      0.89,
      0.87,
      1.0
    ]
  ],
  "lookback": 50,
  "updated": "2026-05-01T04:32:21.704588"
}