{
  "pairs": [
    "EURUSD",
    "GBPUSD",
    "USDJPY",
    "USDCHF",
    "AUDUSD",
    "USDCAD",
    "NZDUSD",
    "EURJPY",
    "GBPJPY",
    "AUDJPY",
    "NZDJPY",
    "CADJPY"
  ],
  "matrix": [
    [
      1.0,
      0.78,
      -0.47,
      -0.88,
      0.76,
      -0.57,
      0.82,
      0.61,
      0.56,
      0.66,
      0.71,
      0.01
    ],
    [
      0.78,
      1.0,
      -0.41,
      -0.68,
      0.62,
      -0.39,
      0.67,
      0.44,
      0.82,
      0.52,
      0.57,
      -0.08
    ],
    [
      -0.47,
      -0.41,
      1.0,
      0.32,
      -0.54,
      0.37,
      -0.46,
      0.42,
      0.18,
      -0.13,
      -0.06,
      0.66
    ],
    [
      -0.88,
      -0.68,
      0.32,
      1.0,
      -0.59,
      0.45,
      -0.66,
      -0.61,
      -0.54,
      -0.53,
      -0.59,
      -0.05
    ],
    [
      0.76,
      0.62,
      -0.54,
      -0.59,
      1.0,
      -0.52,
      0.89,
      0.29,
      0.34,
      0.91,
      0.76,
      -0.1
    ],
    [
      -0.57,
      -0.39,
      0.37,
      0.45,
      -0.52,
      1.0,
      -0.46,
      -0.26,
      -0.2,
      -0.44,
      -0.34,
      -0.45
    ],
    [
      0.82,
      0.67,
      -0.46,
      -0.66,
      0.89,
      -0.46,
      1.0,
      0.43,
      0.44,
      0.82,
      0.91,
      -0.08
    ],
    [
      0.61,
      0.44,
      0.42,
      -0.61,
      0.29,
      -0.26,
      0.43,
      1.0,
      0.74,
      0.55,
      0.67,
      0.61
    ],
    [
      0.56,
      0.82,
      0.18,
      -0.54,
      0.34,
      -0.2,
      0.44,
      0.74,
      1.0,
      0.48,
      0.58,
      0.34
    ],
    [
      0.66,
      0.52,
      -0.13,
      -0.53,
      0.91,
      -0.44,
      0.82,
      0.55,
      0.48,
      1.0,
      0.86,
      0.22
    ],
    [
      0.71,
      0.57,
      -0.06,
      -0.59,
      0.76,
      -0.34,
      0.91,
      0.67,
      0.58,
      0.86,
      1.0,
      0.21
    ],
    [
      0.01,
      -0.08,
      0.66,
      -0.05,
      -0.1,
      -0.45,
      -0.08,
      0.61,
      0.34,
      0.22,
      0.21,
      1.0
    ]
  ],
  "lookback": 50,
  "updated": "2026-05-23T10:08:29.661193"
}