{
  "pairs": [
    "EURUSD",
    "GBPUSD",
    "USDJPY",
    "USDCHF",
    "AUDUSD",
    "USDCAD",
    "NZDUSD",
    "EURJPY",
    "GBPJPY",
    "AUDJPY",
    "NZDJPY",
    "CADJPY"
  ],
  "matrix": [
    [
      1.0,
      0.6,
      -0.69,
      -0.85,
      0.68,
      -0.46,
      0.7,
      0.61,
      0.36,
      0.42,
      0.47,
      -0.18
    ],
    [
      0.6,
      1.0,
      -0.43,
      -0.73,
      0.71,
      -0.37,
      0.76,
      0.49,
      0.91,
      0.59,
      0.66,
      -0.01
    ],
    [
      -0.69,
      -0.43,
      1.0,
      0.63,
      -0.51,
      0.31,
      -0.46,
      0.11,
      -0.02,
      -0.07,
      -0.06,
      0.57
    ],
    [
      -0.85,
      -0.73,
      0.63,
      1.0,
      -0.71,
      0.46,
      -0.78,
      -0.55,
      -0.53,
      -0.48,
      -0.59,
      0.1
    ],
    [
      0.68,
      0.71,
      -0.51,
      -0.71,
      1.0,
      -0.5,
      0.87,
      0.45,
      0.55,
      0.89,
      0.74,
      0.03
    ],
    [
      -0.46,
      -0.37,
      0.31,
      0.46,
      -0.5,
      1.0,
      -0.46,
      -0.29,
      -0.27,
      -0.42,
      -0.37,
      -0.6
    ],
    [
      0.7,
      0.76,
      -0.46,
      -0.78,
      0.87,
      -0.46,
      1.0,
      0.54,
      0.62,
      0.76,
      0.92,
      0.04
    ],
    [
      0.61,
      0.49,
      0.11,
      -0.55,
      0.45,
      -0.29,
      0.54,
      1.0,
      0.6,
      0.58,
      0.66,
      0.37
    ],
    [
      0.36,
      0.91,
      -0.02,
      -0.53,
      0.55,
      -0.27,
      0.62,
      0.6,
      1.0,
      0.62,
      0.69,
      0.25
    ],
    [
      0.42,
      0.59,
      -0.07,
      -0.48,
      0.89,
      -0.42,
      0.76,
      0.58,
      0.62,
      1.0,
      0.82,
      0.33
    ],
    [
      0.47,
      0.66,
      -0.06,
      -0.59,
      0.74,
      -0.37,
      0.92,
      0.66,
      0.69,
      0.82,
      1.0,
      0.29
    ],
    [
      -0.18,
      -0.01,
      0.57,
      0.1,
      0.03,
      -0.6,
      0.04,
      0.37,
      0.25,
      0.33,
      0.29,
      1.0
    ]
  ],
  "lookback": 50,
  "updated": "2026-05-15T14:40:28.258496"
}