{
  "pairs": [
    "EURUSD",
    "GBPUSD",
    "USDJPY",
    "USDCHF",
    "AUDUSD",
    "USDCAD",
    "NZDUSD",
    "EURJPY",
    "GBPJPY",
    "AUDJPY",
    "NZDJPY",
    "CADJPY"
  ],
  "matrix": [
    [
      1.0,
      0.59,
      -0.7,
      -0.86,
      0.66,
      -0.51,
      0.7,
      0.59,
      0.3,
      0.4,
      0.46,
      -0.12
    ],
    [
      0.59,
      1.0,
      -0.38,
      -0.77,
      0.75,
      -0.5,
      0.82,
      0.54,
      0.89,
      0.7,
      0.77,
      0.18
    ],
    [
      -0.7,
      -0.38,
      1.0,
      0.65,
      -0.59,
      0.44,
      -0.52,
      0.12,
      0.07,
      -0.15,
      -0.09,
      0.46
    ],
    [
      -0.86,
      -0.77,
      0.65,
      1.0,
      -0.72,
      0.49,
      -0.82,
      -0.55,
      -0.52,
      -0.5,
      -0.62,
      0.07
    ],
    [
      0.66,
      0.75,
      -0.59,
      -0.72,
      1.0,
      -0.61,
      0.84,
      0.36,
      0.52,
      0.88,
      0.67,
      0.09
    ],
    [
      -0.51,
      -0.5,
      0.44,
      0.49,
      -0.61,
      1.0,
      -0.53,
      -0.24,
      -0.33,
      -0.48,
      -0.38,
      -0.59
    ],
    [
      0.7,
      0.82,
      -0.52,
      -0.82,
      0.84,
      -0.53,
      1.0,
      0.5,
      0.63,
      0.72,
      0.9,
      0.08
    ],
    [
      0.59,
      0.54,
      0.12,
      -0.55,
      0.36,
      -0.24,
      0.5,
      1.0,
      0.64,
      0.5,
      0.64,
      0.37
    ],
    [
      0.3,
      0.89,
      0.07,
      -0.52,
      0.52,
      -0.33,
      0.63,
      0.64,
      1.0,
      0.68,
      0.78,
      0.42
    ],
    [
      0.4,
      0.7,
      -0.15,
      -0.5,
      0.88,
      -0.48,
      0.72,
      0.5,
      0.68,
      1.0,
      0.76,
      0.36
    ],
    [
      0.46,
      0.77,
      -0.09,
      -0.62,
      0.67,
      -0.38,
      0.9,
      0.64,
      0.78,
      0.76,
      1.0,
      0.32
    ],
    [
      -0.12,
      0.18,
      0.46,
      0.07,
      0.09,
      -0.59,
      0.08,
      0.37,
      0.42,
      0.36,
      0.32,
      1.0
    ]
  ],
  "lookback": 50,
  "updated": "2026-05-14T14:46:59.850830"
}