{
  "pairs": [
    "EURUSD",
    "GBPUSD",
    "USDJPY",
    "USDCHF",
    "AUDUSD",
    "USDCAD",
    "NZDUSD",
    "EURJPY",
    "GBPJPY",
    "AUDJPY",
    "NZDJPY",
    "CADJPY"
  ],
  "matrix": [
    [
      1.0,
      0.79,
      -0.53,
      -0.89,
      0.75,
      -0.58,
      0.81,
      0.59,
      0.62,
      0.62,
      0.68,
      -0.06
    ],
    [
      0.79,
      1.0,
      -0.53,
      -0.69,
      0.59,
      -0.33,
      0.65,
      0.37,
      0.87,
      0.43,
      0.5,
      -0.24
    ],
    [
      -0.53,
      -0.53,
      1.0,
      0.42,
      -0.53,
      0.33,
      -0.48,
      0.37,
      -0.04,
      -0.13,
      -0.09,
      0.69
    ],
    [
      -0.89,
      -0.69,
      0.42,
      1.0,
      -0.61,
      0.46,
      -0.7,
      -0.58,
      -0.57,
      -0.5,
      -0.6,
      0.04
    ],
    [
      0.75,
      0.59,
      -0.53,
      -0.61,
      1.0,
      -0.58,
      0.9,
      0.32,
      0.39,
      0.91,
      0.77,
      -0.07
    ],
    [
      -0.58,
      -0.33,
      0.33,
      0.46,
      -0.58,
      1.0,
      -0.51,
      -0.32,
      -0.2,
      -0.51,
      -0.43,
      -0.45
    ],
    [
      0.81,
      0.65,
      -0.48,
      -0.7,
      0.9,
      -0.51,
      1.0,
      0.42,
      0.48,
      0.81,
      0.92,
      -0.07
    ],
    [
      0.59,
      0.37,
      0.37,
      -0.58,
      0.32,
      -0.32,
      0.42,
      1.0,
      0.65,
      0.55,
      0.65,
      0.6
    ],
    [
      0.62,
      0.87,
      -0.04,
      -0.57,
      0.39,
      -0.2,
      0.48,
      0.65,
      1.0,
      0.43,
      0.53,
      0.12
    ],
    [
      0.62,
      0.43,
      -0.13,
      -0.5,
      0.91,
      -0.51,
      0.81,
      0.55,
      0.43,
      1.0,
      0.86,
      0.27
    ],
    [
      0.68,
      0.5,
      -0.09,
      -0.6,
      0.77,
      -0.43,
      0.92,
      0.65,
      0.53,
      0.86,
      1.0,
      0.24
    ],
    [
      -0.06,
      -0.24,
      0.69,
      0.04,
      -0.07,
      -0.45,
      -0.07,
      0.6,
      0.12,
      0.27,
      0.24,
      1.0
    ]
  ],
  "lookback": 50,
  "updated": "2026-05-22T04:39:11.991050"
}