{
  "pairs": [
    "EURUSD",
    "GBPUSD",
    "USDJPY",
    "USDCHF",
    "AUDUSD",
    "USDCAD",
    "NZDUSD",
    "EURJPY",
    "GBPJPY",
    "AUDJPY",
    "NZDJPY",
    "CADJPY"
  ],
  "matrix": [
    [
      1.0,
      0.93,
      -0.47,
      -0.74,
      0.78,
      -0.61,
      0.74,
      -0.17,
      -0.07,
      -0.04,
      0.01,
      -0.28
    ],
    [
      0.93,
      1.0,
      -0.47,
      -0.76,
      0.79,
      -0.71,
      0.78,
      -0.19,
      -0.03,
      -0.04,
      0.05,
      -0.25
    ],
    [
      -0.47,
      -0.47,
      1.0,
      0.83,
      -0.37,
      0.22,
      -0.48,
      0.95,
      0.9,
      0.84,
      0.77,
      0.95
    ],
    [
      -0.74,
      -0.76,
      0.83,
      1.0,
      -0.66,
      0.44,
      -0.74,
      0.66,
      0.56,
      0.49,
      0.38,
      0.7
    ],
    [
      0.78,
      0.79,
      -0.37,
      -0.66,
      1.0,
      -0.46,
      0.88,
      -0.13,
      -0.02,
      0.2,
      0.23,
      -0.23
    ],
    [
      -0.61,
      -0.71,
      0.22,
      0.44,
      -0.46,
      1.0,
      -0.5,
      0.03,
      -0.11,
      -0.04,
      -0.12,
      -0.1
    ],
    [
      0.74,
      0.78,
      -0.48,
      -0.74,
      0.88,
      -0.5,
      1.0,
      -0.27,
      -0.15,
      0.01,
      0.19,
      -0.33
    ],
    [
      -0.17,
      -0.19,
      0.95,
      0.66,
      -0.13,
      0.03,
      -0.27,
      1.0,
      0.98,
      0.92,
      0.86,
      0.96
    ],
    [
      -0.07,
      -0.03,
      0.9,
      0.56,
      -0.02,
      -0.11,
      -0.15,
      0.98,
      1.0,
      0.93,
      0.89,
      0.95
    ],
    [
      -0.04,
      -0.04,
      0.84,
      0.49,
      0.2,
      -0.04,
      0.01,
      0.92,
      0.93,
      1.0,
      0.95,
      0.87
    ],
    [
      0.01,
      0.05,
      0.77,
      0.38,
      0.23,
      -0.12,
      0.19,
      0.86,
      0.89,
      0.95,
      1.0,
      0.82
    ],
    [
      -0.28,
      -0.25,
      0.95,
      0.7,
      -0.23,
      -0.1,
      -0.33,
      0.96,
      0.95,
      0.87,
      0.82,
      1.0
    ]
  ],
  "lookback": 50,
  "updated": "2026-05-05T17:54:56.979072"
}