{
  "pairs": [
    "EURUSD",
    "GBPUSD",
    "USDJPY",
    "USDCHF",
    "AUDUSD",
    "USDCAD",
    "NZDUSD",
    "EURJPY",
    "GBPJPY",
    "AUDJPY",
    "NZDJPY",
    "CADJPY"
  ],
  "matrix": [
    [
      1.0,
      0.92,
      -0.59,
      -0.74,
      0.83,
      -0.42,
      0.86,
      0.4,
      0.43,
      0.51,
      0.57,
      -0.17
    ],
    [
      0.92,
      1.0,
      -0.67,
      -0.79,
      0.86,
      -0.51,
      0.85,
      0.22,
      0.43,
      0.49,
      0.49,
      -0.16
    ],
    [
      -0.59,
      -0.67,
      1.0,
      0.66,
      -0.55,
      0.43,
      -0.63,
      0.5,
      0.38,
      0.15,
      0.09,
      0.56
    ],
    [
      -0.74,
      -0.79,
      0.66,
      1.0,
      -0.67,
      0.6,
      -0.73,
      -0.04,
      -0.19,
      -0.27,
      -0.35,
      0.07
    ],
    [
      0.83,
      0.86,
      -0.55,
      -0.67,
      1.0,
      -0.55,
      0.92,
      0.26,
      0.4,
      0.74,
      0.68,
      -0.02
    ],
    [
      -0.42,
      -0.51,
      0.43,
      0.6,
      -0.55,
      1.0,
      -0.54,
      0.03,
      -0.12,
      -0.31,
      -0.31,
      -0.51
    ],
    [
      0.86,
      0.85,
      -0.63,
      -0.73,
      0.92,
      -0.54,
      1.0,
      0.2,
      0.28,
      0.58,
      0.71,
      -0.1
    ],
    [
      0.4,
      0.22,
      0.5,
      -0.04,
      0.26,
      0.03,
      0.2,
      1.0,
      0.89,
      0.71,
      0.71,
      0.45
    ],
    [
      0.43,
      0.43,
      0.38,
      -0.19,
      0.4,
      -0.12,
      0.28,
      0.89,
      1.0,
      0.78,
      0.71,
      0.47
    ],
    [
      0.51,
      0.49,
      0.15,
      -0.27,
      0.74,
      -0.31,
      0.58,
      0.71,
      0.78,
      1.0,
      0.88,
      0.43
    ],
    [
      0.57,
      0.49,
      0.09,
      -0.35,
      0.68,
      -0.31,
      0.71,
      0.71,
      0.71,
      0.88,
      1.0,
      0.37
    ],
    [
      -0.17,
      -0.16,
      0.56,
      0.07,
      -0.02,
      -0.51,
      -0.1,
      0.45,
      0.47,
      0.43,
      0.37,
      1.0
    ]
  ],
  "lookback": 50,
  "updated": "2026-04-19T03:51:54.184878"
}