{
  "pairs": [
    "EURUSD",
    "GBPUSD",
    "USDJPY",
    "USDCHF",
    "AUDUSD",
    "USDCAD",
    "NZDUSD",
    "EURJPY",
    "GBPJPY",
    "AUDJPY",
    "NZDJPY",
    "CADJPY"
  ],
  "matrix": [
    [
      1.0,
      0.88,
      -0.55,
      -0.73,
      0.8,
      -0.25,
      0.79,
      0.35,
      0.36,
      0.44,
      0.42,
      -0.26
    ],
    [
      0.88,
      1.0,
      -0.67,
      -0.73,
      0.84,
      -0.28,
      0.8,
      0.11,
      0.35,
      0.39,
      0.32,
      -0.33
    ],
    [
      -0.55,
      -0.67,
      1.0,
      0.71,
      -0.48,
      0.34,
      -0.54,
      0.58,
      0.46,
      0.26,
      0.27,
      0.56
    ],
    [
      -0.73,
      -0.73,
      0.71,
      1.0,
      -0.56,
      0.53,
      -0.65,
      0.08,
      0.02,
      -0.05,
      -0.12,
      0.14
    ],
    [
      0.8,
      0.84,
      -0.48,
      -0.56,
      1.0,
      -0.19,
      0.83,
      0.24,
      0.4,
      0.72,
      0.52,
      -0.25
    ],
    [
      -0.25,
      -0.28,
      0.34,
      0.53,
      -0.19,
      1.0,
      -0.25,
      0.14,
      0.1,
      0.07,
      0.02,
      -0.59
    ],
    [
      0.79,
      0.8,
      -0.54,
      -0.65,
      0.83,
      -0.25,
      1.0,
      0.17,
      0.28,
      0.48,
      0.66,
      -0.24
    ],
    [
      0.35,
      0.11,
      0.58,
      0.08,
      0.24,
      0.14,
      0.17,
      1.0,
      0.87,
      0.72,
      0.71,
      0.37
    ],
    [
      0.36,
      0.35,
      0.46,
      0.02,
      0.4,
      0.1,
      0.28,
      0.87,
      1.0,
      0.81,
      0.72,
      0.31
    ],
    [
      0.44,
      0.39,
      0.26,
      -0.05,
      0.72,
      0.07,
      0.48,
      0.72,
      0.81,
      1.0,
      0.79,
      0.17
    ],
    [
      0.42,
      0.32,
      0.27,
      -0.12,
      0.52,
      0.02,
      0.66,
      0.71,
      0.72,
      0.79,
      1.0,
      0.21
    ],
    [
      -0.26,
      -0.33,
      0.56,
      0.14,
      -0.25,
      -0.59,
      -0.24,
      0.37,
      0.31,
      0.17,
      0.21,
      1.0
    ]
  ],
  "lookback": 50,
  "updated": "2026-04-21T21:08:23.085112"
}