{
  "pairs": [
    "EURUSD",
    "GBPUSD",
    "USDJPY",
    "USDCHF",
    "AUDUSD",
    "USDCAD",
    "NZDUSD",
    "EURJPY",
    "GBPJPY",
    "AUDJPY",
    "NZDJPY",
    "CADJPY"
  ],
  "matrix": [
    [
      1.0,
      0.81,
      -0.51,
      -0.81,
      0.76,
      -0.59,
      0.79,
      0.31,
      0.18,
      0.38,
      0.45,
      -0.06
    ],
    [
      0.81,
      1.0,
      -0.33,
      -0.78,
      0.75,
      -0.58,
      0.79,
      0.35,
      0.49,
      0.51,
      0.59,
      0.09
    ],
    [
      -0.51,
      -0.33,
      1.0,
      0.31,
      -0.43,
      0.2,
      -0.4,
      0.66,
      0.66,
      0.36,
      0.31,
      0.76
    ],
    [
      -0.81,
      -0.78,
      0.31,
      1.0,
      -0.63,
      0.59,
      -0.66,
      -0.36,
      -0.34,
      -0.4,
      -0.46,
      -0.11
    ],
    [
      0.76,
      0.75,
      -0.43,
      -0.63,
      1.0,
      -0.52,
      0.9,
      0.19,
      0.21,
      0.69,
      0.63,
      -0.03
    ],
    [
      -0.59,
      -0.58,
      0.2,
      0.59,
      -0.52,
      1.0,
      -0.67,
      -0.3,
      -0.28,
      -0.38,
      -0.55,
      -0.49
    ],
    [
      0.79,
      0.79,
      -0.4,
      -0.66,
      0.9,
      -0.67,
      1.0,
      0.25,
      0.26,
      0.61,
      0.75,
      0.09
    ],
    [
      0.31,
      0.35,
      0.66,
      -0.36,
      0.19,
      -0.3,
      0.25,
      1.0,
      0.88,
      0.73,
      0.74,
      0.78
    ],
    [
      0.18,
      0.49,
      0.66,
      -0.34,
      0.21,
      -0.28,
      0.26,
      0.88,
      1.0,
      0.74,
      0.75,
      0.77
    ],
    [
      0.38,
      0.51,
      0.36,
      -0.4,
      0.69,
      -0.38,
      0.61,
      0.73,
      0.74,
      1.0,
      0.9,
      0.57
    ],
    [
      0.45,
      0.59,
      0.31,
      -0.46,
      0.63,
      -0.55,
      0.75,
      0.74,
      0.75,
      0.9,
      1.0,
      0.64
    ],
    [
      -0.06,
      0.09,
      0.76,
      -0.11,
      -0.03,
      -0.49,
      0.09,
      0.78,
      0.77,
      0.57,
      0.64,
      1.0
    ]
  ],
  "lookback": 50,
  "updated": "2026-04-30T06:44:05.029738"
}