{
  "pairs": [
    "EURUSD",
    "GBPUSD",
    "USDJPY",
    "USDCHF",
    "AUDUSD",
    "USDCAD",
    "NZDUSD",
    "EURJPY",
    "GBPJPY",
    "AUDJPY",
    "NZDJPY",
    "CADJPY"
  ],
  "matrix": [
    [
      1.0,
      0.47,
      -0.56,
      -0.76,
      0.58,
      -0.55,
      0.6,
      0.58,
      0.28,
      0.35,
      0.41,
      0.01
    ],
    [
      0.47,
      1.0,
      -0.27,
      -0.66,
      0.65,
      -0.32,
      0.69,
      0.43,
      0.93,
      0.55,
      0.6,
      0.08
    ],
    [
      -0.56,
      -0.27,
      1.0,
      0.45,
      -0.33,
      0.37,
      -0.25,
      0.31,
      0.1,
      0.11,
      0.13,
      0.55
    ],
    [
      -0.76,
      -0.66,
      0.45,
      1.0,
      -0.61,
      0.56,
      -0.7,
      -0.51,
      -0.52,
      -0.43,
      -0.55,
      -0.13
    ],
    [
      0.58,
      0.65,
      -0.33,
      -0.61,
      1.0,
      -0.56,
      0.85,
      0.41,
      0.54,
      0.9,
      0.74,
      0.23
    ],
    [
      -0.55,
      -0.32,
      0.37,
      0.56,
      -0.56,
      1.0,
      -0.47,
      -0.27,
      -0.19,
      -0.43,
      -0.34,
      -0.56
    ],
    [
      0.6,
      0.69,
      -0.25,
      -0.7,
      0.85,
      -0.47,
      1.0,
      0.53,
      0.61,
      0.77,
      0.93,
      0.22
    ],
    [
      0.58,
      0.43,
      0.31,
      -0.51,
      0.41,
      -0.27,
      0.53,
      1.0,
      0.56,
      0.57,
      0.66,
      0.55
    ],
    [
      0.28,
      0.93,
      0.1,
      -0.52,
      0.54,
      -0.19,
      0.61,
      0.56,
      1.0,
      0.61,
      0.67,
      0.29
    ],
    [
      0.35,
      0.55,
      0.11,
      -0.43,
      0.9,
      -0.43,
      0.77,
      0.57,
      0.61,
      1.0,
      0.83,
      0.49
    ],
    [
      0.41,
      0.6,
      0.13,
      -0.55,
      0.74,
      -0.34,
      0.93,
      0.66,
      0.67,
      0.83,
      1.0,
      0.44
    ],
    [
      0.01,
      0.08,
      0.55,
      -0.13,
      0.23,
      -0.56,
      0.22,
      0.55,
      0.29,
      0.49,
      0.44,
      1.0
    ]
  ],
  "lookback": 50,
  "updated": "2026-05-17T17:29:13.554265"
}