{
  "pairs": [
    "EURUSD",
    "GBPUSD",
    "USDJPY",
    "USDCHF",
    "AUDUSD",
    "USDCAD",
    "NZDUSD",
    "EURJPY",
    "GBPJPY",
    "AUDJPY",
    "NZDJPY",
    "CADJPY"
  ],
  "matrix": [
    [
      1.0,
      0.71,
      -0.42,
      -0.87,
      0.84,
      -0.5,
      0.81,
      0.14,
      0.14,
      0.32,
      0.41,
      -0.22
    ],
    [
      0.71,
      1.0,
      -0.25,
      -0.83,
      0.81,
      -0.54,
      0.86,
      0.21,
      0.49,
      0.44,
      0.63,
      -0.02
    ],
    [
      -0.42,
      -0.25,
      1.0,
      0.54,
      -0.42,
      0.33,
      -0.49,
      0.84,
      0.72,
      0.62,
      0.47,
      0.91
    ],
    [
      -0.87,
      -0.83,
      0.54,
      1.0,
      -0.85,
      0.53,
      -0.88,
      0.04,
      -0.12,
      -0.21,
      -0.38,
      0.33
    ],
    [
      0.84,
      0.81,
      -0.42,
      -0.85,
      1.0,
      -0.56,
      0.89,
      0.07,
      0.21,
      0.46,
      0.5,
      -0.19
    ],
    [
      -0.5,
      -0.54,
      0.33,
      0.53,
      -0.56,
      1.0,
      -0.56,
      0.06,
      -0.09,
      -0.16,
      -0.24,
      -0.1
    ],
    [
      0.81,
      0.86,
      -0.49,
      -0.88,
      0.89,
      -0.56,
      1.0,
      -0.02,
      0.18,
      0.29,
      0.54,
      -0.26
    ],
    [
      0.14,
      0.21,
      0.84,
      0.04,
      0.07,
      0.06,
      -0.02,
      1.0,
      0.9,
      0.88,
      0.79,
      0.86
    ],
    [
      0.14,
      0.49,
      0.72,
      -0.12,
      0.21,
      -0.09,
      0.18,
      0.9,
      1.0,
      0.88,
      0.88,
      0.81
    ],
    [
      0.32,
      0.44,
      0.62,
      -0.21,
      0.46,
      -0.16,
      0.29,
      0.88,
      0.88,
      1.0,
      0.89,
      0.72
    ],
    [
      0.41,
      0.63,
      0.47,
      -0.38,
      0.5,
      -0.24,
      0.54,
      0.79,
      0.88,
      0.89,
      1.0,
      0.61
    ],
    [
      -0.22,
      -0.02,
      0.91,
      0.33,
      -0.19,
      -0.1,
      -0.26,
      0.86,
      0.81,
      0.72,
      0.61,
      1.0
    ]
  ],
  "lookback": 50,
  "updated": "2026-05-12T04:10:17.843615"
}