{
  "pairs": [
    "EURUSD",
    "GBPUSD",
    "USDJPY",
    "USDCHF",
    "AUDUSD",
    "USDCAD",
    "NZDUSD",
    "EURJPY",
    "GBPJPY",
    "AUDJPY",
    "NZDJPY",
    "CADJPY"
  ],
  "matrix": [
    [
      1.0,
      0.94,
      -0.45,
      -0.79,
      0.84,
      -0.66,
      0.83,
      -0.12,
      -0.02,
      0.02,
      0.11,
      -0.26
    ],
    [
      0.94,
      1.0,
      -0.43,
      -0.79,
      0.84,
      -0.74,
      0.85,
      -0.11,
      0.04,
      0.05,
      0.16,
      -0.21
    ],
    [
      -0.45,
      -0.43,
      1.0,
      0.8,
      -0.44,
      0.28,
      -0.54,
      0.94,
      0.89,
      0.83,
      0.76,
      0.95
    ],
    [
      -0.79,
      -0.79,
      0.8,
      1.0,
      -0.76,
      0.49,
      -0.81,
      0.59,
      0.48,
      0.41,
      0.31,
      0.68
    ],
    [
      0.84,
      0.84,
      -0.44,
      -0.76,
      1.0,
      -0.64,
      0.9,
      -0.16,
      -0.06,
      0.14,
      0.18,
      -0.26
    ],
    [
      -0.66,
      -0.74,
      0.28,
      0.49,
      -0.64,
      1.0,
      -0.58,
      0.05,
      -0.07,
      -0.09,
      -0.12,
      -0.02
    ],
    [
      0.83,
      0.85,
      -0.54,
      -0.81,
      0.9,
      -0.58,
      1.0,
      -0.28,
      -0.17,
      -0.04,
      0.14,
      -0.38
    ],
    [
      -0.12,
      -0.11,
      0.94,
      0.59,
      -0.16,
      0.05,
      -0.28,
      1.0,
      0.98,
      0.93,
      0.89,
      0.96
    ],
    [
      -0.02,
      0.04,
      0.89,
      0.48,
      -0.06,
      -0.07,
      -0.17,
      0.98,
      1.0,
      0.94,
      0.92,
      0.95
    ],
    [
      0.02,
      0.05,
      0.83,
      0.41,
      0.14,
      -0.09,
      -0.04,
      0.93,
      0.94,
      1.0,
      0.95,
      0.89
    ],
    [
      0.11,
      0.16,
      0.76,
      0.31,
      0.18,
      -0.12,
      0.14,
      0.89,
      0.92,
      0.95,
      1.0,
      0.83
    ],
    [
      -0.26,
      -0.21,
      0.95,
      0.68,
      -0.26,
      -0.02,
      -0.38,
      0.96,
      0.95,
      0.89,
      0.83,
      1.0
    ]
  ],
  "lookback": 50,
  "updated": "2026-05-08T08:31:05.973850"
}