{
  "pairs": [
    "EURUSD",
    "GBPUSD",
    "USDJPY",
    "USDCHF",
    "AUDUSD",
    "USDCAD",
    "NZDUSD",
    "EURJPY",
    "GBPJPY",
    "AUDJPY",
    "NZDJPY",
    "CADJPY"
  ],
  "matrix": [
    [
      1.0,
      0.56,
      -0.61,
      -0.8,
      0.66,
      -0.63,
      0.68,
      0.58,
      0.37,
      0.46,
      0.5,
      0.03
    ],
    [
      0.56,
      1.0,
      -0.36,
      -0.73,
      0.7,
      -0.43,
      0.74,
      0.44,
      0.93,
      0.61,
      0.65,
      0.1
    ],
    [
      -0.61,
      -0.36,
      1.0,
      0.54,
      -0.46,
      0.46,
      -0.37,
      0.26,
      -0.01,
      -0.05,
      -0.01,
      0.52
    ],
    [
      -0.8,
      -0.73,
      0.54,
      1.0,
      -0.68,
      0.64,
      -0.76,
      -0.49,
      -0.58,
      -0.51,
      -0.61,
      -0.12
    ],
    [
      0.66,
      0.7,
      -0.46,
      -0.68,
      1.0,
      -0.64,
      0.88,
      0.4,
      0.57,
      0.91,
      0.76,
      0.19
    ],
    [
      -0.63,
      -0.43,
      0.46,
      0.64,
      -0.64,
      1.0,
      -0.56,
      -0.3,
      -0.28,
      -0.51,
      -0.42,
      -0.52
    ],
    [
      0.68,
      0.74,
      -0.37,
      -0.76,
      0.88,
      -0.56,
      1.0,
      0.52,
      0.65,
      0.81,
      0.93,
      0.2
    ],
    [
      0.58,
      0.44,
      0.26,
      -0.49,
      0.4,
      -0.3,
      0.52,
      1.0,
      0.57,
      0.56,
      0.67,
      0.57
    ],
    [
      0.37,
      0.93,
      -0.01,
      -0.58,
      0.57,
      -0.28,
      0.65,
      0.57,
      1.0,
      0.64,
      0.69,
      0.3
    ],
    [
      0.46,
      0.61,
      -0.05,
      -0.51,
      0.91,
      -0.51,
      0.81,
      0.56,
      0.64,
      1.0,
      0.85,
      0.45
    ],
    [
      0.5,
      0.65,
      -0.01,
      -0.61,
      0.76,
      -0.42,
      0.93,
      0.67,
      0.69,
      0.85,
      1.0,
      0.41
    ],
    [
      0.03,
      0.1,
      0.52,
      -0.12,
      0.19,
      -0.52,
      0.2,
      0.57,
      0.3,
      0.45,
      0.41,
      1.0
    ]
  ],
  "lookback": 50,
  "updated": "2026-05-18T11:16:52.034589"
}