{
  "pairs": [
    "EURUSD",
    "GBPUSD",
    "USDJPY",
    "USDCHF",
    "AUDUSD",
    "USDCAD",
    "NZDUSD",
    "EURJPY",
    "GBPJPY",
    "AUDJPY",
    "NZDJPY",
    "CADJPY"
  ],
  "matrix": [
    [
      1.0,
      0.66,
      -0.41,
      -0.88,
      0.74,
      -0.57,
      0.78,
      0.16,
      0.14,
      0.24,
      0.38,
      -0.17
    ],
    [
      0.66,
      1.0,
      -0.24,
      -0.78,
      0.78,
      -0.6,
      0.84,
      0.2,
      0.52,
      0.44,
      0.6,
      0.03
    ],
    [
      -0.41,
      -0.24,
      1.0,
      0.52,
      -0.42,
      0.34,
      -0.48,
      0.83,
      0.7,
      0.62,
      0.49,
      0.9
    ],
    [
      -0.88,
      -0.78,
      0.52,
      1.0,
      -0.81,
      0.61,
      -0.88,
      0.0,
      -0.12,
      -0.18,
      -0.37,
      0.27
    ],
    [
      0.74,
      0.78,
      -0.42,
      -0.81,
      1.0,
      -0.67,
      0.87,
      0.02,
      0.21,
      0.44,
      0.45,
      -0.14
    ],
    [
      -0.57,
      -0.6,
      0.34,
      0.61,
      -0.67,
      1.0,
      -0.62,
      0.02,
      -0.14,
      -0.24,
      -0.28,
      -0.1
    ],
    [
      0.78,
      0.84,
      -0.48,
      -0.88,
      0.87,
      -0.62,
      1.0,
      -0.01,
      0.2,
      0.27,
      0.53,
      -0.22
    ],
    [
      0.16,
      0.2,
      0.83,
      0.0,
      0.02,
      0.02,
      -0.01,
      1.0,
      0.88,
      0.84,
      0.79,
      0.87
    ],
    [
      0.14,
      0.52,
      0.7,
      -0.12,
      0.21,
      -0.14,
      0.2,
      0.88,
      1.0,
      0.87,
      0.87,
      0.82
    ],
    [
      0.24,
      0.44,
      0.62,
      -0.18,
      0.44,
      -0.24,
      0.27,
      0.84,
      0.87,
      1.0,
      0.87,
      0.77
    ],
    [
      0.38,
      0.6,
      0.49,
      -0.37,
      0.45,
      -0.28,
      0.53,
      0.79,
      0.87,
      0.87,
      1.0,
      0.66
    ],
    [
      -0.17,
      0.03,
      0.9,
      0.27,
      -0.14,
      -0.1,
      -0.22,
      0.87,
      0.82,
      0.77,
      0.66,
      1.0
    ]
  ],
  "lookback": 50,
  "updated": "2026-05-13T10:46:26.954757"
}