{
  "pairs": [
    "EURUSD",
    "GBPUSD",
    "USDJPY",
    "USDCHF",
    "AUDUSD",
    "USDCAD",
    "NZDUSD",
    "EURJPY",
    "GBPJPY",
    "AUDJPY",
    "NZDJPY",
    "CADJPY"
  ],
  "matrix": [
    [
      1.0,
      0.47,
      -0.56,
      -0.76,
      0.58,
      -0.55,
      0.61,
      0.56,
      0.28,
      0.35,
      0.41,
      0.0
    ],
    [
      0.47,
      1.0,
      -0.27,
      -0.66,
      0.65,
      -0.32,
      0.69,
      0.41,
      0.93,
      0.55,
      0.6,
      0.08
    ],
    [
      -0.56,
      -0.27,
      1.0,
      0.47,
      -0.33,
      0.37,
      -0.26,
      0.33,
      0.11,
      0.12,
      0.12,
      0.57
    ],
    [
      -0.76,
      -0.66,
      0.47,
      1.0,
      -0.61,
      0.56,
      -0.71,
      -0.48,
      -0.5,
      -0.42,
      -0.55,
      -0.1
    ],
    [
      0.58,
      0.65,
      -0.33,
      -0.61,
      1.0,
      -0.56,
      0.85,
      0.4,
      0.54,
      0.9,
      0.74,
      0.22
    ],
    [
      -0.55,
      -0.32,
      0.37,
      0.56,
      -0.56,
      1.0,
      -0.47,
      -0.27,
      -0.19,
      -0.43,
      -0.34,
      -0.55
    ],
    [
      0.61,
      0.69,
      -0.26,
      -0.71,
      0.85,
      -0.47,
      1.0,
      0.5,
      0.6,
      0.76,
      0.92,
      0.2
    ],
    [
      0.56,
      0.41,
      0.33,
      -0.48,
      0.4,
      -0.27,
      0.5,
      1.0,
      0.56,
      0.57,
      0.66,
      0.57
    ],
    [
      0.28,
      0.93,
      0.11,
      -0.5,
      0.54,
      -0.19,
      0.6,
      0.56,
      1.0,
      0.61,
      0.66,
      0.3
    ],
    [
      0.35,
      0.55,
      0.12,
      -0.42,
      0.9,
      -0.43,
      0.76,
      0.57,
      0.61,
      1.0,
      0.83,
      0.5
    ],
    [
      0.41,
      0.6,
      0.12,
      -0.55,
      0.74,
      -0.34,
      0.92,
      0.66,
      0.66,
      0.83,
      1.0,
      0.43
    ],
    [
      0.0,
      0.08,
      0.57,
      -0.1,
      0.22,
      -0.55,
      0.2,
      0.57,
      0.3,
      0.5,
      0.43,
      1.0
    ]
  ],
  "lookback": 50,
  "updated": "2026-05-17T21:10:32.043965"
}