{
  "pairs": [
    "EURUSD",
    "GBPUSD",
    "USDJPY",
    "USDCHF",
    "AUDUSD",
    "USDCAD",
    "NZDUSD",
    "EURJPY",
    "GBPJPY",
    "AUDJPY",
    "NZDJPY",
    "CADJPY"
  ],
  "matrix": [
    [
      1.0,
      0.95,
      -0.87,
      -0.86,
      0.86,
      -0.7,
      0.83,
      0.45,
      0.62,
      0.66,
      0.61,
      -0.56
    ],
    [
      0.95,
      1.0,
      -0.9,
      -0.88,
      0.86,
      -0.7,
      0.86,
      0.3,
      0.69,
      0.64,
      0.64,
      -0.6
    ],
    [
      -0.87,
      -0.9,
      1.0,
      0.86,
      -0.86,
      0.68,
      -0.85,
      0.04,
      -0.31,
      -0.55,
      -0.56,
      0.75
    ],
    [
      -0.86,
      -0.88,
      0.86,
      1.0,
      -0.77,
      0.73,
      -0.78,
      -0.19,
      -0.49,
      -0.52,
      -0.55,
      0.51
    ],
    [
      0.86,
      0.86,
      -0.86,
      -0.77,
      1.0,
      -0.84,
      0.9,
      0.2,
      0.45,
      0.9,
      0.75,
      -0.41
    ],
    [
      -0.7,
      -0.7,
      0.68,
      0.73,
      -0.84,
      1.0,
      -0.81,
      -0.18,
      -0.39,
      -0.79,
      -0.75,
      0.03
    ],
    [
      0.83,
      0.86,
      -0.85,
      -0.78,
      0.9,
      -0.81,
      1.0,
      0.13,
      0.45,
      0.74,
      0.91,
      -0.43
    ],
    [
      0.45,
      0.3,
      0.04,
      -0.19,
      0.2,
      -0.18,
      0.13,
      1.0,
      0.72,
      0.36,
      0.24,
      0.22
    ],
    [
      0.62,
      0.69,
      -0.31,
      -0.49,
      0.45,
      -0.39,
      0.45,
      0.72,
      1.0,
      0.47,
      0.47,
      -0.07
    ],
    [
      0.66,
      0.64,
      -0.55,
      -0.52,
      0.9,
      -0.79,
      0.74,
      0.36,
      0.47,
      1.0,
      0.75,
      -0.03
    ],
    [
      0.61,
      0.64,
      -0.56,
      -0.55,
      0.75,
      -0.75,
      0.91,
      0.24,
      0.47,
      0.75,
      1.0,
      -0.09
    ],
    [
      -0.56,
      -0.6,
      0.75,
      0.51,
      -0.41,
      0.03,
      -0.43,
      0.22,
      -0.07,
      -0.03,
      -0.09,
      1.0
    ]
  ],
  "lookback": 50,
  "updated": "2026-04-13T17:34:08.384305"
}