{
  "pairs": [
    "EURUSD",
    "GBPUSD",
    "USDJPY",
    "USDCHF",
    "AUDUSD",
    "USDCAD",
    "NZDUSD",
    "EURJPY",
    "GBPJPY",
    "AUDJPY",
    "NZDJPY",
    "CADJPY"
  ],
  "matrix": [
    [
      1.0,
      0.92,
      -0.59,
      -0.76,
      0.82,
      -0.65,
      0.85,
      0.43,
      0.45,
      0.51,
      0.58,
      -0.12
    ],
    [
      0.92,
      1.0,
      -0.66,
      -0.81,
      0.85,
      -0.71,
      0.83,
      0.27,
      0.46,
      0.49,
      0.5,
      -0.15
    ],
    [
      -0.59,
      -0.66,
      1.0,
      0.66,
      -0.57,
      0.57,
      -0.65,
      0.47,
      0.36,
      0.12,
      0.04,
      0.68
    ],
    [
      -0.76,
      -0.81,
      0.66,
      1.0,
      -0.68,
      0.71,
      -0.75,
      -0.09,
      -0.22,
      -0.28,
      -0.39,
      0.15
    ],
    [
      0.82,
      0.85,
      -0.57,
      -0.68,
      1.0,
      -0.76,
      0.91,
      0.27,
      0.39,
      0.75,
      0.69,
      0.01
    ],
    [
      -0.65,
      -0.71,
      0.57,
      0.71,
      -0.76,
      1.0,
      -0.76,
      -0.07,
      -0.22,
      -0.46,
      -0.5,
      -0.22
    ],
    [
      0.85,
      0.83,
      -0.65,
      -0.75,
      0.91,
      -0.76,
      1.0,
      0.2,
      0.28,
      0.58,
      0.73,
      -0.08
    ],
    [
      0.43,
      0.27,
      0.47,
      -0.09,
      0.27,
      -0.07,
      0.2,
      1.0,
      0.89,
      0.7,
      0.68,
      0.62
    ],
    [
      0.45,
      0.46,
      0.36,
      -0.22,
      0.39,
      -0.22,
      0.28,
      0.89,
      1.0,
      0.76,
      0.68,
      0.61
    ],
    [
      0.51,
      0.49,
      0.12,
      -0.28,
      0.75,
      -0.46,
      0.58,
      0.7,
      0.76,
      1.0,
      0.87,
      0.56
    ],
    [
      0.58,
      0.5,
      0.04,
      -0.39,
      0.69,
      -0.5,
      0.73,
      0.68,
      0.68,
      0.87,
      1.0,
      0.49
    ],
    [
      -0.12,
      -0.15,
      0.68,
      0.15,
      0.01,
      -0.22,
      -0.08,
      0.62,
      0.61,
      0.56,
      0.49,
      1.0
    ]
  ],
  "lookback": 50,
  "updated": "2026-04-18T09:07:18.274741"
}