{
  "pairs": [
    "EURUSD",
    "GBPUSD",
    "USDJPY",
    "USDCHF",
    "AUDUSD",
    "USDCAD",
    "NZDUSD",
    "EURJPY",
    "GBPJPY",
    "AUDJPY",
    "NZDJPY",
    "CADJPY"
  ],
  "matrix": [
    [
      1.0,
      0.57,
      -0.61,
      -0.79,
      0.65,
      -0.6,
      0.69,
      0.57,
      0.37,
      0.47,
      0.52,
      -0.02
    ],
    [
      0.57,
      1.0,
      -0.36,
      -0.72,
      0.69,
      -0.4,
      0.73,
      0.43,
      0.93,
      0.62,
      0.66,
      0.06
    ],
    [
      -0.61,
      -0.36,
      1.0,
      0.51,
      -0.5,
      0.45,
      -0.41,
      0.28,
      -0.0,
      -0.1,
      -0.06,
      0.55
    ],
    [
      -0.79,
      -0.72,
      0.51,
      1.0,
      -0.65,
      0.62,
      -0.74,
      -0.49,
      -0.57,
      -0.5,
      -0.6,
      -0.1
    ],
    [
      0.65,
      0.69,
      -0.5,
      -0.65,
      1.0,
      -0.62,
      0.89,
      0.35,
      0.55,
      0.91,
      0.77,
      0.11
    ],
    [
      -0.6,
      -0.4,
      0.45,
      0.62,
      -0.62,
      1.0,
      -0.54,
      -0.27,
      -0.27,
      -0.5,
      -0.42,
      -0.5
    ],
    [
      0.69,
      0.73,
      -0.41,
      -0.74,
      0.89,
      -0.54,
      1.0,
      0.49,
      0.63,
      0.82,
      0.93,
      0.12
    ],
    [
      0.57,
      0.43,
      0.28,
      -0.49,
      0.35,
      -0.27,
      0.49,
      1.0,
      0.57,
      0.53,
      0.64,
      0.55
    ],
    [
      0.37,
      0.93,
      -0.0,
      -0.57,
      0.55,
      -0.27,
      0.63,
      0.57,
      1.0,
      0.62,
      0.68,
      0.28
    ],
    [
      0.47,
      0.62,
      -0.1,
      -0.5,
      0.91,
      -0.5,
      0.82,
      0.53,
      0.62,
      1.0,
      0.85,
      0.38
    ],
    [
      0.52,
      0.66,
      -0.06,
      -0.6,
      0.77,
      -0.42,
      0.93,
      0.64,
      0.68,
      0.85,
      1.0,
      0.35
    ],
    [
      -0.02,
      0.06,
      0.55,
      -0.1,
      0.11,
      -0.5,
      0.12,
      0.55,
      0.28,
      0.38,
      0.35,
      1.0
    ]
  ],
  "lookback": 50,
  "updated": "2026-05-18T14:16:03.420734"
}