{
  "pairs": [
    "EURUSD",
    "GBPUSD",
    "USDJPY",
    "USDCHF",
    "AUDUSD",
    "USDCAD",
    "NZDUSD",
    "EURJPY",
    "GBPJPY",
    "AUDJPY",
    "NZDJPY",
    "CADJPY"
  ],
  "matrix": [
    [
      1.0,
      0.74,
      -0.51,
      -0.87,
      0.7,
      -0.59,
      0.79,
      0.62,
      0.6,
      0.57,
      0.69,
      0.01
    ],
    [
      0.74,
      1.0,
      -0.53,
      -0.69,
      0.61,
      -0.31,
      0.67,
      0.33,
      0.89,
      0.47,
      0.54,
      -0.24
    ],
    [
      -0.51,
      -0.53,
      1.0,
      0.42,
      -0.54,
      0.39,
      -0.5,
      0.36,
      -0.08,
      -0.16,
      -0.15,
      0.65
    ],
    [
      -0.87,
      -0.69,
      0.42,
      1.0,
      -0.61,
      0.53,
      -0.71,
      -0.57,
      -0.59,
      -0.52,
      -0.64,
      -0.05
    ],
    [
      0.7,
      0.61,
      -0.54,
      -0.61,
      1.0,
      -0.59,
      0.89,
      0.25,
      0.43,
      0.92,
      0.78,
      -0.05
    ],
    [
      -0.59,
      -0.31,
      0.39,
      0.53,
      -0.59,
      1.0,
      -0.54,
      -0.27,
      -0.15,
      -0.5,
      -0.45,
      -0.44
    ],
    [
      0.79,
      0.67,
      -0.5,
      -0.71,
      0.89,
      -0.54,
      1.0,
      0.39,
      0.51,
      0.8,
      0.93,
      -0.04
    ],
    [
      0.62,
      0.33,
      0.36,
      -0.57,
      0.25,
      -0.27,
      0.39,
      1.0,
      0.59,
      0.47,
      0.61,
      0.6
    ],
    [
      0.6,
      0.89,
      -0.08,
      -0.59,
      0.43,
      -0.15,
      0.51,
      0.59,
      1.0,
      0.46,
      0.56,
      0.07
    ],
    [
      0.57,
      0.47,
      -0.16,
      -0.52,
      0.92,
      -0.5,
      0.8,
      0.47,
      0.46,
      1.0,
      0.84,
      0.26
    ],
    [
      0.69,
      0.54,
      -0.15,
      -0.64,
      0.78,
      -0.45,
      0.93,
      0.61,
      0.56,
      0.84,
      1.0,
      0.23
    ],
    [
      0.01,
      -0.24,
      0.65,
      -0.05,
      -0.05,
      -0.44,
      -0.04,
      0.6,
      0.07,
      0.26,
      0.23,
      1.0
    ]
  ],
  "lookback": 50,
  "updated": "2026-05-20T16:01:04.473478"
}