{
  "pairs": [
    "EURUSD",
    "GBPUSD",
    "USDJPY",
    "USDCHF",
    "AUDUSD",
    "USDCAD",
    "NZDUSD",
    "EURJPY",
    "GBPJPY",
    "AUDJPY",
    "NZDJPY",
    "CADJPY"
  ],
  "matrix": [
    [
      1.0,
      0.83,
      -0.47,
      -0.76,
      0.79,
      -0.62,
      0.81,
      -0.14,
      -0.15,
      -0.0,
      0.07,
      -0.27
    ],
    [
      0.83,
      1.0,
      -0.45,
      -0.78,
      0.82,
      -0.62,
      0.83,
      -0.19,
      -0.06,
      0.03,
      0.1,
      -0.25
    ],
    [
      -0.47,
      -0.45,
      1.0,
      0.74,
      -0.45,
      0.15,
      -0.55,
      0.94,
      0.92,
      0.82,
      0.77,
      0.95
    ],
    [
      -0.76,
      -0.78,
      0.74,
      1.0,
      -0.68,
      0.5,
      -0.74,
      0.54,
      0.48,
      0.38,
      0.3,
      0.57
    ],
    [
      0.79,
      0.82,
      -0.45,
      -0.68,
      1.0,
      -0.58,
      0.92,
      -0.2,
      -0.14,
      0.14,
      0.17,
      -0.26
    ],
    [
      -0.62,
      -0.62,
      0.15,
      0.5,
      -0.58,
      1.0,
      -0.65,
      -0.06,
      -0.11,
      -0.21,
      -0.32,
      -0.17
    ],
    [
      0.81,
      0.83,
      -0.55,
      -0.74,
      0.92,
      -0.65,
      1.0,
      -0.31,
      -0.25,
      -0.02,
      0.11,
      -0.34
    ],
    [
      -0.14,
      -0.19,
      0.94,
      0.54,
      -0.2,
      -0.06,
      -0.31,
      1.0,
      0.97,
      0.91,
      0.88,
      0.96
    ],
    [
      -0.15,
      -0.06,
      0.92,
      0.48,
      -0.14,
      -0.11,
      -0.25,
      0.97,
      1.0,
      0.93,
      0.9,
      0.95
    ],
    [
      -0.0,
      0.03,
      0.82,
      0.38,
      0.14,
      -0.21,
      -0.02,
      0.91,
      0.93,
      1.0,
      0.96,
      0.88
    ],
    [
      0.07,
      0.1,
      0.77,
      0.3,
      0.17,
      -0.32,
      0.11,
      0.88,
      0.9,
      0.96,
      1.0,
      0.87
    ],
    [
      -0.27,
      -0.25,
      0.95,
      0.57,
      -0.26,
      -0.17,
      -0.34,
      0.96,
      0.95,
      0.88,
      0.87,
      1.0
    ]
  ],
  "lookback": 50,
  "updated": "2026-04-30T14:27:01.029710"
}