{
  "pairs": [
    "EURUSD",
    "GBPUSD",
    "USDJPY",
    "USDCHF",
    "AUDUSD",
    "USDCAD",
    "NZDUSD",
    "EURJPY",
    "GBPJPY",
    "AUDJPY",
    "NZDJPY",
    "CADJPY"
  ],
  "matrix": [
    [
      1.0,
      0.94,
      -0.82,
      -0.86,
      0.84,
      -0.68,
      0.81,
      0.38,
      0.55,
      0.61,
      0.58,
      -0.42
    ],
    [
      0.94,
      1.0,
      -0.86,
      -0.87,
      0.85,
      -0.71,
      0.84,
      0.22,
      0.6,
      0.59,
      0.6,
      -0.44
    ],
    [
      -0.82,
      -0.86,
      1.0,
      0.81,
      -0.8,
      0.68,
      -0.81,
      0.22,
      -0.1,
      -0.4,
      -0.45,
      0.67
    ],
    [
      -0.86,
      -0.87,
      0.81,
      1.0,
      -0.75,
      0.69,
      -0.77,
      -0.16,
      -0.43,
      -0.49,
      -0.54,
      0.39
    ],
    [
      0.84,
      0.85,
      -0.8,
      -0.75,
      1.0,
      -0.83,
      0.9,
      0.14,
      0.39,
      0.87,
      0.74,
      -0.24
    ],
    [
      -0.68,
      -0.71,
      0.68,
      0.69,
      -0.83,
      1.0,
      -0.79,
      -0.06,
      -0.32,
      -0.71,
      -0.67,
      -0.1
    ],
    [
      0.81,
      0.84,
      -0.81,
      -0.77,
      0.9,
      -0.79,
      1.0,
      0.06,
      0.36,
      0.71,
      0.88,
      -0.3
    ],
    [
      0.38,
      0.22,
      0.22,
      -0.16,
      0.14,
      -0.06,
      0.06,
      1.0,
      0.77,
      0.39,
      0.27,
      0.36
    ],
    [
      0.55,
      0.6,
      -0.1,
      -0.43,
      0.39,
      -0.32,
      0.36,
      0.77,
      1.0,
      0.51,
      0.47,
      0.18
    ],
    [
      0.61,
      0.59,
      -0.4,
      -0.49,
      0.87,
      -0.71,
      0.71,
      0.39,
      0.51,
      1.0,
      0.76,
      0.18
    ],
    [
      0.58,
      0.6,
      -0.45,
      -0.54,
      0.74,
      -0.67,
      0.88,
      0.27,
      0.47,
      0.76,
      1.0,
      0.08
    ],
    [
      -0.42,
      -0.44,
      0.67,
      0.39,
      -0.24,
      -0.1,
      -0.3,
      0.36,
      0.18,
      0.18,
      0.08,
      1.0
    ]
  ],
  "lookback": 50,
  "updated": "2026-04-15T17:35:06.427934"
}