{
  "pairs": [
    "EURUSD",
    "GBPUSD",
    "USDJPY",
    "USDCHF",
    "AUDUSD",
    "USDCAD",
    "NZDUSD",
    "EURJPY",
    "GBPJPY",
    "AUDJPY",
    "NZDJPY",
    "CADJPY"
  ],
  "matrix": [
    [
      1.0,
      0.8,
      -0.51,
      -0.79,
      0.77,
      -0.57,
      0.79,
      0.3,
      0.16,
      0.38,
      0.45,
      -0.08
    ],
    [
      0.8,
      1.0,
      -0.33,
      -0.77,
      0.77,
      -0.55,
      0.79,
      0.33,
      0.48,
      0.53,
      0.59,
      0.07
    ],
    [
      -0.51,
      -0.33,
      1.0,
      0.3,
      -0.43,
      0.17,
      -0.4,
      0.67,
      0.67,
      0.36,
      0.3,
      0.77
    ],
    [
      -0.79,
      -0.77,
      0.3,
      1.0,
      -0.64,
      0.57,
      -0.65,
      -0.36,
      -0.33,
      -0.42,
      -0.46,
      -0.1
    ],
    [
      0.77,
      0.77,
      -0.43,
      -0.64,
      1.0,
      -0.51,
      0.91,
      0.19,
      0.21,
      0.69,
      0.64,
      -0.05
    ],
    [
      -0.57,
      -0.55,
      0.17,
      0.57,
      -0.51,
      1.0,
      -0.65,
      -0.3,
      -0.27,
      -0.39,
      -0.55,
      -0.5
    ],
    [
      0.79,
      0.79,
      -0.4,
      -0.65,
      0.91,
      -0.65,
      1.0,
      0.24,
      0.25,
      0.62,
      0.75,
      0.07
    ],
    [
      0.3,
      0.33,
      0.67,
      -0.36,
      0.19,
      -0.3,
      0.24,
      1.0,
      0.88,
      0.73,
      0.73,
      0.78
    ],
    [
      0.16,
      0.48,
      0.67,
      -0.33,
      0.21,
      -0.27,
      0.25,
      0.88,
      1.0,
      0.75,
      0.74,
      0.76
    ],
    [
      0.38,
      0.53,
      0.36,
      -0.42,
      0.69,
      -0.39,
      0.62,
      0.73,
      0.75,
      1.0,
      0.9,
      0.57
    ],
    [
      0.45,
      0.59,
      0.3,
      -0.46,
      0.64,
      -0.55,
      0.75,
      0.73,
      0.74,
      0.9,
      1.0,
      0.63
    ],
    [
      -0.08,
      0.07,
      0.77,
      -0.1,
      -0.05,
      -0.5,
      0.07,
      0.78,
      0.76,
      0.57,
      0.63,
      1.0
    ]
  ],
  "lookback": 50,
  "updated": "2026-04-29T17:52:54.533989"
}