{
  "pairs": [
    "EURUSD",
    "GBPUSD",
    "USDJPY",
    "USDCHF",
    "AUDUSD",
    "USDCAD",
    "NZDUSD",
    "EURJPY",
    "GBPJPY",
    "AUDJPY",
    "NZDJPY",
    "CADJPY"
  ],
  "matrix": [
    [
      1.0,
      0.62,
      -0.52,
      -0.86,
      0.68,
      -0.5,
      0.73,
      0.63,
      0.39,
      0.47,
      0.53,
      -0.01
    ],
    [
      0.62,
      1.0,
      -0.27,
      -0.77,
      0.77,
      -0.5,
      0.83,
      0.56,
      0.89,
      0.73,
      0.76,
      0.24
    ],
    [
      -0.52,
      -0.27,
      1.0,
      0.57,
      -0.49,
      0.38,
      -0.35,
      0.3,
      0.2,
      0.01,
      0.1,
      0.53
    ],
    [
      -0.86,
      -0.77,
      0.57,
      1.0,
      -0.73,
      0.49,
      -0.8,
      -0.51,
      -0.51,
      -0.5,
      -0.59,
      0.04
    ],
    [
      0.68,
      0.77,
      -0.49,
      -0.73,
      1.0,
      -0.61,
      0.85,
      0.38,
      0.55,
      0.86,
      0.67,
      0.13
    ],
    [
      -0.5,
      -0.5,
      0.38,
      0.49,
      -0.61,
      1.0,
      -0.52,
      -0.23,
      -0.33,
      -0.47,
      -0.36,
      -0.58
    ],
    [
      0.73,
      0.83,
      -0.35,
      -0.8,
      0.85,
      -0.52,
      1.0,
      0.56,
      0.68,
      0.76,
      0.9,
      0.17
    ],
    [
      0.63,
      0.56,
      0.3,
      -0.51,
      0.38,
      -0.23,
      0.56,
      1.0,
      0.71,
      0.61,
      0.74,
      0.48
    ],
    [
      0.39,
      0.89,
      0.2,
      -0.51,
      0.55,
      -0.33,
      0.68,
      0.71,
      1.0,
      0.75,
      0.82,
      0.5
    ],
    [
      0.47,
      0.73,
      0.01,
      -0.5,
      0.86,
      -0.47,
      0.76,
      0.61,
      0.75,
      1.0,
      0.81,
      0.45
    ],
    [
      0.53,
      0.76,
      0.1,
      -0.59,
      0.67,
      -0.36,
      0.9,
      0.74,
      0.82,
      0.81,
      1.0,
      0.43
    ],
    [
      -0.01,
      0.24,
      0.53,
      0.04,
      0.13,
      -0.58,
      0.17,
      0.48,
      0.5,
      0.45,
      0.43,
      1.0
    ]
  ],
  "lookback": 50,
  "updated": "2026-05-14T12:14:34.464751"
}