{
  "pairs": [
    "EURUSD",
    "GBPUSD",
    "USDJPY",
    "USDCHF",
    "AUDUSD",
    "USDCAD",
    "NZDUSD",
    "EURJPY",
    "GBPJPY",
    "AUDJPY",
    "NZDJPY",
    "CADJPY"
  ],
  "matrix": [
    [
      1.0,
      0.9,
      -0.57,
      -0.75,
      0.82,
      -0.32,
      0.81,
      0.37,
      0.39,
      0.49,
      0.48,
      -0.19
    ],
    [
      0.9,
      1.0,
      -0.68,
      -0.76,
      0.86,
      -0.36,
      0.82,
      0.14,
      0.38,
      0.46,
      0.4,
      -0.26
    ],
    [
      -0.57,
      -0.68,
      1.0,
      0.69,
      -0.5,
      0.38,
      -0.55,
      0.55,
      0.42,
      0.2,
      0.19,
      0.52
    ],
    [
      -0.75,
      -0.76,
      0.69,
      1.0,
      -0.64,
      0.59,
      -0.72,
      0.02,
      -0.07,
      -0.19,
      -0.27,
      0.05
    ],
    [
      0.82,
      0.86,
      -0.5,
      -0.64,
      1.0,
      -0.29,
      0.86,
      0.26,
      0.43,
      0.75,
      0.59,
      -0.16
    ],
    [
      -0.32,
      -0.36,
      0.38,
      0.59,
      -0.29,
      1.0,
      -0.35,
      0.1,
      0.04,
      -0.04,
      -0.1,
      -0.6
    ],
    [
      0.81,
      0.82,
      -0.55,
      -0.72,
      0.86,
      -0.35,
      1.0,
      0.2,
      0.32,
      0.55,
      0.71,
      -0.15
    ],
    [
      0.37,
      0.14,
      0.55,
      0.02,
      0.26,
      0.1,
      0.2,
      1.0,
      0.87,
      0.72,
      0.7,
      0.38
    ],
    [
      0.39,
      0.38,
      0.42,
      -0.07,
      0.43,
      0.04,
      0.32,
      0.87,
      1.0,
      0.81,
      0.73,
      0.33
    ],
    [
      0.49,
      0.46,
      0.2,
      -0.19,
      0.75,
      -0.04,
      0.55,
      0.72,
      0.81,
      1.0,
      0.81,
      0.21
    ],
    [
      0.48,
      0.4,
      0.19,
      -0.27,
      0.59,
      -0.1,
      0.71,
      0.7,
      0.73,
      0.81,
      1.0,
      0.25
    ],
    [
      -0.19,
      -0.26,
      0.52,
      0.05,
      -0.16,
      -0.6,
      -0.15,
      0.38,
      0.33,
      0.21,
      0.25,
      1.0
    ]
  ],
  "lookback": 50,
  "updated": "2026-04-21T17:30:56.850940"
}