{
  "pairs": [
    "EURUSD",
    "GBPUSD",
    "USDJPY",
    "USDCHF",
    "AUDUSD",
    "USDCAD",
    "NZDUSD",
    "EURJPY",
    "GBPJPY",
    "AUDJPY",
    "NZDJPY",
    "CADJPY"
  ],
  "matrix": [
    [
      1.0,
      0.93,
      -0.75,
      -0.8,
      0.79,
      -0.67,
      0.84,
      0.47,
      0.57,
      0.53,
      0.62,
      -0.23
    ],
    [
      0.93,
      1.0,
      -0.78,
      -0.81,
      0.8,
      -0.72,
      0.82,
      0.32,
      0.63,
      0.52,
      0.57,
      -0.22
    ],
    [
      -0.75,
      -0.78,
      1.0,
      0.7,
      -0.71,
      0.68,
      -0.73,
      0.24,
      -0.01,
      -0.24,
      -0.29,
      0.56
    ],
    [
      -0.8,
      -0.81,
      0.7,
      1.0,
      -0.66,
      0.71,
      -0.72,
      -0.23,
      -0.42,
      -0.39,
      -0.5,
      0.13
    ],
    [
      0.79,
      0.8,
      -0.71,
      -0.66,
      1.0,
      -0.8,
      0.9,
      0.2,
      0.39,
      0.85,
      0.74,
      -0.04
    ],
    [
      -0.67,
      -0.72,
      0.68,
      0.71,
      -0.8,
      1.0,
      -0.77,
      -0.07,
      -0.31,
      -0.59,
      -0.58,
      -0.23
    ],
    [
      0.84,
      0.82,
      -0.73,
      -0.72,
      0.9,
      -0.77,
      1.0,
      0.25,
      0.4,
      0.7,
      0.86,
      -0.1
    ],
    [
      0.47,
      0.32,
      0.24,
      -0.23,
      0.2,
      -0.07,
      0.25,
      1.0,
      0.81,
      0.45,
      0.53,
      0.4
    ],
    [
      0.57,
      0.63,
      -0.01,
      -0.42,
      0.39,
      -0.31,
      0.4,
      0.81,
      1.0,
      0.54,
      0.56,
      0.34
    ],
    [
      0.53,
      0.52,
      -0.24,
      -0.39,
      0.85,
      -0.59,
      0.7,
      0.45,
      0.54,
      1.0,
      0.81,
      0.35
    ],
    [
      0.62,
      0.57,
      -0.29,
      -0.5,
      0.74,
      -0.58,
      0.86,
      0.53,
      0.56,
      0.81,
      1.0,
      0.27
    ],
    [
      -0.23,
      -0.22,
      0.56,
      0.13,
      -0.04,
      -0.23,
      -0.1,
      0.4,
      0.34,
      0.35,
      0.27,
      1.0
    ]
  ],
  "lookback": 50,
  "updated": "2026-04-16T15:27:11.194522"
}