{
  "pairs": [
    "EURUSD",
    "GBPUSD",
    "USDJPY",
    "USDCHF",
    "AUDUSD",
    "USDCAD",
    "NZDUSD",
    "EURJPY",
    "GBPJPY",
    "AUDJPY",
    "NZDJPY",
    "CADJPY"
  ],
  "matrix": [
    [
      1.0,
      0.95,
      -0.81,
      -0.85,
      0.83,
      -0.67,
      0.8,
      0.37,
      0.53,
      0.59,
      0.56,
      -0.42
    ],
    [
      0.95,
      1.0,
      -0.85,
      -0.87,
      0.84,
      -0.72,
      0.83,
      0.22,
      0.57,
      0.57,
      0.58,
      -0.43
    ],
    [
      -0.81,
      -0.85,
      1.0,
      0.8,
      -0.79,
      0.69,
      -0.8,
      0.24,
      -0.06,
      -0.38,
      -0.41,
      0.66
    ],
    [
      -0.85,
      -0.87,
      0.8,
      1.0,
      -0.75,
      0.69,
      -0.76,
      -0.14,
      -0.41,
      -0.47,
      -0.51,
      0.38
    ],
    [
      0.83,
      0.84,
      -0.79,
      -0.75,
      1.0,
      -0.82,
      0.89,
      0.12,
      0.35,
      0.87,
      0.72,
      -0.23
    ],
    [
      -0.67,
      -0.72,
      0.69,
      0.69,
      -0.82,
      1.0,
      -0.78,
      -0.01,
      -0.29,
      -0.68,
      -0.63,
      -0.09
    ],
    [
      0.8,
      0.83,
      -0.8,
      -0.76,
      0.89,
      -0.78,
      1.0,
      0.06,
      0.34,
      0.7,
      0.88,
      -0.28
    ],
    [
      0.37,
      0.22,
      0.24,
      -0.14,
      0.12,
      -0.01,
      0.06,
      1.0,
      0.79,
      0.38,
      0.28,
      0.34
    ],
    [
      0.53,
      0.57,
      -0.06,
      -0.41,
      0.35,
      -0.29,
      0.34,
      0.79,
      1.0,
      0.48,
      0.47,
      0.21
    ],
    [
      0.59,
      0.57,
      -0.38,
      -0.47,
      0.87,
      -0.68,
      0.7,
      0.38,
      0.48,
      1.0,
      0.75,
      0.18
    ],
    [
      0.56,
      0.58,
      -0.41,
      -0.51,
      0.72,
      -0.63,
      0.88,
      0.28,
      0.47,
      0.75,
      1.0,
      0.1
    ],
    [
      -0.42,
      -0.43,
      0.66,
      0.38,
      -0.23,
      -0.09,
      -0.28,
      0.34,
      0.21,
      0.18,
      0.1,
      1.0
    ]
  ],
  "lookback": 50,
  "updated": "2026-04-16T03:49:55.672396"
}