{
  "pairs": [
    "EURUSD",
    "GBPUSD",
    "USDJPY",
    "USDCHF",
    "AUDUSD",
    "USDCAD",
    "NZDUSD",
    "EURJPY",
    "GBPJPY",
    "AUDJPY",
    "NZDJPY",
    "CADJPY"
  ],
  "matrix": [
    [
      1.0,
      0.75,
      -0.55,
      -0.76,
      0.74,
      -0.42,
      0.74,
      0.38,
      0.15,
      0.42,
      0.4,
      -0.09
    ],
    [
      0.75,
      1.0,
      -0.36,
      -0.73,
      0.78,
      -0.35,
      0.73,
      0.34,
      0.53,
      0.59,
      0.52,
      -0.0
    ],
    [
      -0.55,
      -0.36,
      1.0,
      0.38,
      -0.46,
      0.23,
      -0.39,
      0.56,
      0.6,
      0.22,
      0.26,
      0.61
    ],
    [
      -0.76,
      -0.73,
      0.38,
      1.0,
      -0.55,
      0.6,
      -0.56,
      -0.33,
      -0.28,
      -0.33,
      -0.33,
      -0.19
    ],
    [
      0.74,
      0.78,
      -0.46,
      -0.55,
      1.0,
      -0.16,
      0.82,
      0.22,
      0.25,
      0.77,
      0.55,
      -0.24
    ],
    [
      -0.42,
      -0.35,
      0.23,
      0.6,
      -0.16,
      1.0,
      -0.36,
      -0.15,
      -0.09,
      -0.01,
      -0.22,
      -0.63
    ],
    [
      0.74,
      0.73,
      -0.39,
      -0.56,
      0.82,
      -0.36,
      1.0,
      0.3,
      0.28,
      0.62,
      0.79,
      -0.02
    ],
    [
      0.38,
      0.34,
      0.56,
      -0.33,
      0.22,
      -0.15,
      0.3,
      1.0,
      0.81,
      0.65,
      0.69,
      0.58
    ],
    [
      0.15,
      0.53,
      0.6,
      -0.28,
      0.25,
      -0.09,
      0.28,
      0.81,
      1.0,
      0.71,
      0.69,
      0.55
    ],
    [
      0.42,
      0.59,
      0.22,
      -0.33,
      0.77,
      -0.01,
      0.62,
      0.65,
      0.71,
      1.0,
      0.79,
      0.18
    ],
    [
      0.4,
      0.52,
      0.26,
      -0.33,
      0.55,
      -0.22,
      0.79,
      0.69,
      0.69,
      0.79,
      1.0,
      0.39
    ],
    [
      -0.09,
      -0.0,
      0.61,
      -0.19,
      -0.24,
      -0.63,
      -0.02,
      0.58,
      0.55,
      0.18,
      0.39,
      1.0
    ]
  ],
  "lookback": 50,
  "updated": "2026-04-27T17:44:56.684000"
}