{
  "pairs": [
    "EURUSD",
    "GBPUSD",
    "USDJPY",
    "USDCHF",
    "AUDUSD",
    "USDCAD",
    "NZDUSD",
    "EURJPY",
    "GBPJPY",
    "AUDJPY",
    "NZDJPY",
    "CADJPY"
  ],
  "matrix": [
    [
      1.0,
      0.9,
      -0.58,
      -0.7,
      0.81,
      -0.29,
      0.86,
      0.42,
      0.45,
      0.54,
      0.59,
      -0.24
    ],
    [
      0.9,
      1.0,
      -0.68,
      -0.76,
      0.86,
      -0.37,
      0.86,
      0.2,
      0.45,
      0.51,
      0.5,
      -0.26
    ],
    [
      -0.58,
      -0.68,
      1.0,
      0.68,
      -0.51,
      0.37,
      -0.6,
      0.5,
      0.35,
      0.11,
      0.09,
      0.54
    ],
    [
      -0.7,
      -0.76,
      0.68,
      1.0,
      -0.59,
      0.55,
      -0.68,
      0.02,
      -0.15,
      -0.2,
      -0.28,
      0.1
    ],
    [
      0.81,
      0.86,
      -0.51,
      -0.59,
      1.0,
      -0.31,
      0.92,
      0.29,
      0.47,
      0.8,
      0.72,
      -0.17
    ],
    [
      -0.29,
      -0.37,
      0.37,
      0.55,
      -0.31,
      1.0,
      -0.37,
      0.11,
      -0.02,
      -0.09,
      -0.15,
      -0.58
    ],
    [
      0.86,
      0.86,
      -0.6,
      -0.68,
      0.92,
      -0.37,
      1.0,
      0.24,
      0.37,
      0.64,
      0.74,
      -0.19
    ],
    [
      0.42,
      0.2,
      0.5,
      0.02,
      0.29,
      0.11,
      0.24,
      1.0,
      0.86,
      0.69,
      0.72,
      0.34
    ],
    [
      0.45,
      0.45,
      0.35,
      -0.15,
      0.47,
      -0.02,
      0.37,
      0.86,
      1.0,
      0.79,
      0.75,
      0.32
    ],
    [
      0.54,
      0.51,
      0.11,
      -0.2,
      0.8,
      -0.09,
      0.64,
      0.69,
      0.79,
      1.0,
      0.9,
      0.18
    ],
    [
      0.59,
      0.5,
      0.09,
      -0.28,
      0.72,
      -0.15,
      0.74,
      0.72,
      0.75,
      0.9,
      1.0,
      0.21
    ],
    [
      -0.24,
      -0.26,
      0.54,
      0.1,
      -0.17,
      -0.58,
      -0.19,
      0.34,
      0.32,
      0.18,
      0.21,
      1.0
    ]
  ],
  "lookback": 50,
  "updated": "2026-04-20T06:29:17.787241"
}