{
  "pairs": [
    "EURUSD",
    "GBPUSD",
    "USDJPY",
    "USDCHF",
    "AUDUSD",
    "USDCAD",
    "NZDUSD",
    "EURJPY",
    "GBPJPY",
    "AUDJPY",
    "NZDJPY",
    "CADJPY"
  ],
  "matrix": [
    [
      1.0,
      0.83,
      -0.51,
      -0.89,
      0.74,
      -0.59,
      0.82,
      0.61,
      0.56,
      0.64,
      0.69,
      -0.02
    ],
    [
      0.83,
      1.0,
      -0.41,
      -0.72,
      0.65,
      -0.55,
      0.7,
      0.52,
      0.81,
      0.57,
      0.6,
      0.04
    ],
    [
      -0.51,
      -0.41,
      1.0,
      0.33,
      -0.62,
      0.4,
      -0.52,
      0.36,
      0.19,
      -0.23,
      -0.1,
      0.66
    ],
    [
      -0.89,
      -0.72,
      0.33,
      1.0,
      -0.57,
      0.47,
      -0.7,
      -0.66,
      -0.56,
      -0.52,
      -0.64,
      -0.07
    ],
    [
      0.74,
      0.65,
      -0.62,
      -0.57,
      1.0,
      -0.53,
      0.88,
      0.23,
      0.31,
      0.9,
      0.71,
      -0.19
    ],
    [
      -0.59,
      -0.55,
      0.4,
      0.47,
      -0.53,
      1.0,
      -0.54,
      -0.29,
      -0.32,
      -0.44,
      -0.42,
      -0.42
    ],
    [
      0.82,
      0.7,
      -0.52,
      -0.7,
      0.88,
      -0.54,
      1.0,
      0.4,
      0.41,
      0.81,
      0.9,
      -0.09
    ],
    [
      0.61,
      0.52,
      0.36,
      -0.66,
      0.23,
      -0.29,
      0.4,
      1.0,
      0.79,
      0.47,
      0.65,
      0.6
    ],
    [
      0.56,
      0.81,
      0.19,
      -0.56,
      0.31,
      -0.32,
      0.41,
      0.79,
      1.0,
      0.48,
      0.58,
      0.45
    ],
    [
      0.64,
      0.57,
      -0.23,
      -0.52,
      0.9,
      -0.44,
      0.81,
      0.47,
      0.48,
      1.0,
      0.83,
      0.12
    ],
    [
      0.69,
      0.6,
      -0.1,
      -0.64,
      0.71,
      -0.42,
      0.9,
      0.65,
      0.58,
      0.83,
      1.0,
      0.24
    ],
    [
      -0.02,
      0.04,
      0.66,
      -0.07,
      -0.19,
      -0.42,
      -0.09,
      0.6,
      0.45,
      0.12,
      0.24,
      1.0
    ]
  ],
  "lookback": 50,
  "updated": "2026-05-25T18:01:34.149553"
}