{
  "pairs": [
    "EURUSD",
    "GBPUSD",
    "USDJPY",
    "USDCHF",
    "AUDUSD",
    "USDCAD",
    "NZDUSD",
    "EURJPY",
    "GBPJPY",
    "AUDJPY",
    "NZDJPY",
    "CADJPY"
  ],
  "matrix": [
    [
      1.0,
      0.88,
      -0.57,
      -0.7,
      0.82,
      -0.27,
      0.81,
      0.31,
      0.34,
      0.48,
      0.45,
      -0.24
    ],
    [
      0.88,
      1.0,
      -0.68,
      -0.71,
      0.86,
      -0.29,
      0.8,
      0.07,
      0.34,
      0.43,
      0.35,
      -0.31
    ],
    [
      -0.57,
      -0.68,
      1.0,
      0.71,
      -0.52,
      0.34,
      -0.55,
      0.6,
      0.46,
      0.22,
      0.23,
      0.54
    ],
    [
      -0.7,
      -0.71,
      0.71,
      1.0,
      -0.56,
      0.55,
      -0.66,
      0.13,
      0.04,
      -0.07,
      -0.15,
      0.11
    ],
    [
      0.82,
      0.86,
      -0.52,
      -0.56,
      1.0,
      -0.2,
      0.83,
      0.2,
      0.37,
      0.72,
      0.51,
      -0.27
    ],
    [
      -0.27,
      -0.29,
      0.34,
      0.55,
      -0.2,
      1.0,
      -0.26,
      0.13,
      0.09,
      0.05,
      -0.0,
      -0.6
    ],
    [
      0.81,
      0.8,
      -0.55,
      -0.66,
      0.83,
      -0.26,
      1.0,
      0.16,
      0.27,
      0.5,
      0.69,
      -0.23
    ],
    [
      0.31,
      0.07,
      0.6,
      0.13,
      0.2,
      0.13,
      0.16,
      1.0,
      0.86,
      0.72,
      0.71,
      0.39
    ],
    [
      0.34,
      0.34,
      0.46,
      0.04,
      0.37,
      0.09,
      0.27,
      0.86,
      1.0,
      0.8,
      0.72,
      0.31
    ],
    [
      0.48,
      0.43,
      0.22,
      -0.07,
      0.72,
      0.05,
      0.5,
      0.72,
      0.8,
      1.0,
      0.78,
      0.14
    ],
    [
      0.45,
      0.35,
      0.23,
      -0.15,
      0.51,
      -0.0,
      0.69,
      0.71,
      0.72,
      0.78,
      1.0,
      0.2
    ],
    [
      -0.24,
      -0.31,
      0.54,
      0.11,
      -0.27,
      -0.6,
      -0.23,
      0.39,
      0.31,
      0.14,
      0.2,
      1.0
    ]
  ],
  "lookback": 50,
  "updated": "2026-04-22T09:55:39.751368"
}