{
  "pairs": [
    "EURUSD",
    "GBPUSD",
    "USDJPY",
    "USDCHF",
    "AUDUSD",
    "USDCAD",
    "NZDUSD",
    "EURJPY",
    "GBPJPY",
    "AUDJPY",
    "NZDJPY",
    "CADJPY"
  ],
  "matrix": [
    [
      1.0,
      0.86,
      -0.54,
      -0.77,
      0.8,
      -0.2,
      0.78,
      0.39,
      0.31,
      0.45,
      0.45,
      -0.26
    ],
    [
      0.86,
      1.0,
      -0.58,
      -0.79,
      0.87,
      -0.22,
      0.82,
      0.21,
      0.41,
      0.48,
      0.46,
      -0.27
    ],
    [
      -0.54,
      -0.58,
      1.0,
      0.63,
      -0.46,
      0.2,
      -0.5,
      0.56,
      0.51,
      0.29,
      0.24,
      0.62
    ],
    [
      -0.77,
      -0.79,
      0.63,
      1.0,
      -0.6,
      0.5,
      -0.66,
      -0.06,
      -0.13,
      -0.15,
      -0.23,
      0.09
    ],
    [
      0.8,
      0.87,
      -0.46,
      -0.6,
      1.0,
      -0.07,
      0.83,
      0.29,
      0.41,
      0.72,
      0.57,
      -0.3
    ],
    [
      -0.2,
      -0.22,
      0.2,
      0.5,
      -0.07,
      1.0,
      -0.18,
      0.03,
      -0.01,
      0.08,
      -0.05,
      -0.65
    ],
    [
      0.78,
      0.82,
      -0.5,
      -0.66,
      0.83,
      -0.18,
      1.0,
      0.22,
      0.31,
      0.5,
      0.72,
      -0.24
    ],
    [
      0.39,
      0.21,
      0.56,
      -0.06,
      0.29,
      0.03,
      0.22,
      1.0,
      0.85,
      0.75,
      0.7,
      0.42
    ],
    [
      0.31,
      0.41,
      0.51,
      -0.13,
      0.41,
      -0.01,
      0.31,
      0.85,
      1.0,
      0.83,
      0.76,
      0.4
    ],
    [
      0.45,
      0.48,
      0.29,
      -0.15,
      0.72,
      0.08,
      0.5,
      0.75,
      0.83,
      1.0,
      0.8,
      0.16
    ],
    [
      0.45,
      0.46,
      0.24,
      -0.23,
      0.57,
      -0.05,
      0.72,
      0.7,
      0.76,
      0.8,
      1.0,
      0.23
    ],
    [
      -0.26,
      -0.27,
      0.62,
      0.09,
      -0.3,
      -0.65,
      -0.24,
      0.42,
      0.4,
      0.16,
      0.23,
      1.0
    ]
  ],
  "lookback": 50,
  "updated": "2026-04-23T21:11:03.980896"
}