{
  "pairs": [
    "EURUSD",
    "GBPUSD",
    "USDJPY",
    "USDCHF",
    "AUDUSD",
    "USDCAD",
    "NZDUSD",
    "EURJPY",
    "GBPJPY",
    "AUDJPY",
    "NZDJPY",
    "CADJPY"
  ],
  "matrix": [
    [
      1.0,
      0.77,
      -0.56,
      -0.77,
      0.75,
      -0.5,
      0.74,
      0.37,
      0.15,
      0.42,
      0.4,
      -0.06
    ],
    [
      0.77,
      1.0,
      -0.37,
      -0.72,
      0.78,
      -0.38,
      0.73,
      0.35,
      0.53,
      0.59,
      0.52,
      0.0
    ],
    [
      -0.56,
      -0.37,
      1.0,
      0.37,
      -0.46,
      0.23,
      -0.39,
      0.56,
      0.59,
      0.21,
      0.26,
      0.63
    ],
    [
      -0.77,
      -0.72,
      0.37,
      1.0,
      -0.55,
      0.62,
      -0.56,
      -0.34,
      -0.29,
      -0.33,
      -0.33,
      -0.18
    ],
    [
      0.75,
      0.78,
      -0.46,
      -0.55,
      1.0,
      -0.19,
      0.82,
      0.22,
      0.26,
      0.77,
      0.55,
      -0.23
    ],
    [
      -0.5,
      -0.38,
      0.23,
      0.62,
      -0.19,
      1.0,
      -0.39,
      -0.24,
      -0.12,
      -0.04,
      -0.26,
      -0.61
    ],
    [
      0.74,
      0.73,
      -0.39,
      -0.56,
      0.82,
      -0.39,
      1.0,
      0.3,
      0.28,
      0.62,
      0.79,
      -0.01
    ],
    [
      0.37,
      0.35,
      0.56,
      -0.34,
      0.22,
      -0.24,
      0.3,
      1.0,
      0.81,
      0.65,
      0.69,
      0.65
    ],
    [
      0.15,
      0.53,
      0.59,
      -0.29,
      0.26,
      -0.12,
      0.28,
      0.81,
      1.0,
      0.71,
      0.69,
      0.57
    ],
    [
      0.42,
      0.59,
      0.21,
      -0.33,
      0.77,
      -0.04,
      0.62,
      0.65,
      0.71,
      1.0,
      0.79,
      0.21
    ],
    [
      0.4,
      0.52,
      0.26,
      -0.33,
      0.55,
      -0.26,
      0.79,
      0.69,
      0.69,
      0.79,
      1.0,
      0.41
    ],
    [
      -0.06,
      0.0,
      0.63,
      -0.18,
      -0.23,
      -0.61,
      -0.01,
      0.65,
      0.57,
      0.21,
      0.41,
      1.0
    ]
  ],
  "lookback": 50,
  "updated": "2026-04-27T21:28:35.286148"
}