{
  "pairs": [
    "EURUSD",
    "GBPUSD",
    "USDJPY",
    "USDCHF",
    "AUDUSD",
    "USDCAD",
    "NZDUSD",
    "EURJPY",
    "GBPJPY",
    "AUDJPY",
    "NZDJPY",
    "CADJPY"
  ],
  "matrix": [
    [
      1.0,
      0.71,
      -0.46,
      -0.84,
      0.67,
      -0.57,
      0.76,
      0.59,
      0.57,
      0.55,
      0.65,
      0.02
    ],
    [
      0.71,
      1.0,
      -0.46,
      -0.66,
      0.58,
      -0.3,
      0.63,
      0.31,
      0.89,
      0.45,
      0.51,
      -0.19
    ],
    [
      -0.46,
      -0.46,
      1.0,
      0.36,
      -0.5,
      0.35,
      -0.46,
      0.44,
      -0.02,
      -0.11,
      -0.08,
      0.67
    ],
    [
      -0.84,
      -0.66,
      0.36,
      1.0,
      -0.56,
      0.51,
      -0.65,
      -0.54,
      -0.57,
      -0.48,
      -0.58,
      -0.07
    ],
    [
      0.67,
      0.58,
      -0.5,
      -0.56,
      1.0,
      -0.56,
      0.88,
      0.22,
      0.4,
      0.91,
      0.77,
      -0.03
    ],
    [
      -0.57,
      -0.3,
      0.35,
      0.51,
      -0.56,
      1.0,
      -0.51,
      -0.25,
      -0.16,
      -0.49,
      -0.43,
      -0.46
    ],
    [
      0.76,
      0.63,
      -0.46,
      -0.65,
      0.88,
      -0.51,
      1.0,
      0.35,
      0.48,
      0.79,
      0.92,
      -0.03
    ],
    [
      0.59,
      0.31,
      0.44,
      -0.54,
      0.22,
      -0.25,
      0.35,
      1.0,
      0.57,
      0.45,
      0.58,
      0.62
    ],
    [
      0.57,
      0.89,
      -0.02,
      -0.57,
      0.4,
      -0.16,
      0.48,
      0.57,
      1.0,
      0.45,
      0.53,
      0.12
    ],
    [
      0.55,
      0.45,
      -0.11,
      -0.48,
      0.91,
      -0.49,
      0.79,
      0.45,
      0.45,
      1.0,
      0.84,
      0.28
    ],
    [
      0.65,
      0.51,
      -0.08,
      -0.58,
      0.77,
      -0.43,
      0.92,
      0.58,
      0.53,
      0.84,
      1.0,
      0.26
    ],
    [
      0.02,
      -0.19,
      0.67,
      -0.07,
      -0.03,
      -0.46,
      -0.03,
      0.62,
      0.12,
      0.28,
      0.26,
      1.0
    ]
  ],
  "lookback": 50,
  "updated": "2026-05-20T11:22:15.545091"
}