{
  "pairs": [
    "EURUSD",
    "GBPUSD",
    "USDJPY",
    "USDCHF",
    "AUDUSD",
    "USDCAD",
    "NZDUSD",
    "EURJPY",
    "GBPJPY",
    "AUDJPY",
    "NZDJPY",
    "CADJPY"
  ],
  "matrix": [
    [
      1.0,
      0.75,
      -0.43,
      -0.87,
      0.85,
      -0.46,
      0.81,
      0.09,
      0.12,
      0.3,
      0.38,
      -0.27
    ],
    [
      0.75,
      1.0,
      -0.27,
      -0.82,
      0.8,
      -0.46,
      0.87,
      0.19,
      0.43,
      0.41,
      0.58,
      -0.09
    ],
    [
      -0.43,
      -0.27,
      1.0,
      0.56,
      -0.41,
      0.34,
      -0.47,
      0.86,
      0.75,
      0.64,
      0.51,
      0.92
    ],
    [
      -0.87,
      -0.82,
      0.56,
      1.0,
      -0.84,
      0.46,
      -0.84,
      0.1,
      -0.05,
      -0.15,
      -0.28,
      0.4
    ],
    [
      0.85,
      0.8,
      -0.41,
      -0.84,
      1.0,
      -0.52,
      0.88,
      0.06,
      0.18,
      0.44,
      0.46,
      -0.22
    ],
    [
      -0.46,
      -0.46,
      0.34,
      0.46,
      -0.52,
      1.0,
      -0.55,
      0.11,
      -0.01,
      -0.1,
      -0.21,
      -0.05
    ],
    [
      0.81,
      0.87,
      -0.47,
      -0.84,
      0.88,
      -0.55,
      1.0,
      -0.03,
      0.15,
      0.27,
      0.52,
      -0.28
    ],
    [
      0.09,
      0.19,
      0.86,
      0.1,
      0.06,
      0.11,
      -0.03,
      1.0,
      0.93,
      0.89,
      0.8,
      0.87
    ],
    [
      0.12,
      0.43,
      0.75,
      -0.05,
      0.18,
      -0.01,
      0.15,
      0.93,
      1.0,
      0.88,
      0.88,
      0.81
    ],
    [
      0.3,
      0.41,
      0.64,
      -0.15,
      0.44,
      -0.1,
      0.27,
      0.89,
      0.88,
      1.0,
      0.89,
      0.72
    ],
    [
      0.38,
      0.58,
      0.51,
      -0.28,
      0.46,
      -0.21,
      0.52,
      0.8,
      0.88,
      0.89,
      1.0,
      0.63
    ],
    [
      -0.27,
      -0.09,
      0.92,
      0.4,
      -0.22,
      -0.05,
      -0.28,
      0.87,
      0.81,
      0.72,
      0.63,
      1.0
    ]
  ],
  "lookback": 50,
  "updated": "2026-05-11T04:39:42.757955"
}