{
  "pairs": [
    "EURUSD",
    "GBPUSD",
    "USDJPY",
    "USDCHF",
    "AUDUSD",
    "USDCAD",
    "NZDUSD",
    "EURJPY",
    "GBPJPY",
    "AUDJPY",
    "NZDJPY",
    "CADJPY"
  ],
  "matrix": [
    [
      1.0,
      0.95,
      -0.84,
      -0.86,
      0.85,
      -0.69,
      0.82,
      0.48,
      0.62,
      0.64,
      0.61,
      -0.53
    ],
    [
      0.95,
      1.0,
      -0.88,
      -0.88,
      0.86,
      -0.7,
      0.86,
      0.33,
      0.67,
      0.62,
      0.65,
      -0.57
    ],
    [
      -0.84,
      -0.88,
      1.0,
      0.84,
      -0.83,
      0.68,
      -0.84,
      0.06,
      -0.24,
      -0.47,
      -0.53,
      0.75
    ],
    [
      -0.86,
      -0.88,
      0.84,
      1.0,
      -0.77,
      0.73,
      -0.78,
      -0.23,
      -0.48,
      -0.5,
      -0.55,
      0.5
    ],
    [
      0.85,
      0.86,
      -0.83,
      -0.77,
      1.0,
      -0.83,
      0.9,
      0.23,
      0.46,
      0.89,
      0.76,
      -0.38
    ],
    [
      -0.69,
      -0.7,
      0.68,
      0.73,
      -0.83,
      1.0,
      -0.81,
      -0.16,
      -0.36,
      -0.74,
      -0.73,
      0.03
    ],
    [
      0.82,
      0.86,
      -0.84,
      -0.78,
      0.9,
      -0.81,
      1.0,
      0.15,
      0.44,
      0.73,
      0.9,
      -0.42
    ],
    [
      0.48,
      0.33,
      0.06,
      -0.23,
      0.23,
      -0.16,
      0.15,
      1.0,
      0.77,
      0.42,
      0.28,
      0.23
    ],
    [
      0.62,
      0.67,
      -0.24,
      -0.48,
      0.46,
      -0.36,
      0.44,
      0.77,
      1.0,
      0.53,
      0.51,
      -0.0
    ],
    [
      0.64,
      0.62,
      -0.47,
      -0.5,
      0.89,
      -0.74,
      0.73,
      0.42,
      0.53,
      1.0,
      0.76,
      0.02
    ],
    [
      0.61,
      0.65,
      -0.53,
      -0.55,
      0.76,
      -0.73,
      0.9,
      0.28,
      0.51,
      0.76,
      1.0,
      -0.06
    ],
    [
      -0.53,
      -0.57,
      0.75,
      0.5,
      -0.38,
      0.03,
      -0.42,
      0.23,
      -0.0,
      0.02,
      -0.06,
      1.0
    ]
  ],
  "lookback": 50,
  "updated": "2026-04-14T03:45:20.630214"
}