{
  "pairs": [
    "EURUSD",
    "GBPUSD",
    "USDJPY",
    "USDCHF",
    "AUDUSD",
    "USDCAD",
    "NZDUSD",
    "EURJPY",
    "GBPJPY",
    "AUDJPY",
    "NZDJPY",
    "CADJPY"
  ],
  "matrix": [
    [
      1.0,
      0.53,
      -0.58,
      -0.79,
      0.63,
      -0.6,
      0.65,
      0.58,
      0.33,
      0.42,
      0.47,
      0.01
    ],
    [
      0.53,
      1.0,
      -0.31,
      -0.7,
      0.66,
      -0.37,
      0.7,
      0.44,
      0.93,
      0.59,
      0.62,
      0.08
    ],
    [
      -0.58,
      -0.31,
      1.0,
      0.5,
      -0.42,
      0.42,
      -0.33,
      0.29,
      0.06,
      -0.0,
      0.04,
      0.55
    ],
    [
      -0.79,
      -0.7,
      0.5,
      1.0,
      -0.65,
      0.6,
      -0.73,
      -0.5,
      -0.54,
      -0.48,
      -0.58,
      -0.1
    ],
    [
      0.63,
      0.66,
      -0.42,
      -0.65,
      1.0,
      -0.61,
      0.86,
      0.39,
      0.53,
      0.91,
      0.75,
      0.18
    ],
    [
      -0.6,
      -0.37,
      0.42,
      0.6,
      -0.61,
      1.0,
      -0.52,
      -0.29,
      -0.23,
      -0.48,
      -0.39,
      -0.52
    ],
    [
      0.65,
      0.7,
      -0.33,
      -0.73,
      0.86,
      -0.52,
      1.0,
      0.52,
      0.61,
      0.79,
      0.93,
      0.19
    ],
    [
      0.58,
      0.44,
      0.29,
      -0.5,
      0.39,
      -0.29,
      0.52,
      1.0,
      0.57,
      0.56,
      0.66,
      0.57
    ],
    [
      0.33,
      0.93,
      0.06,
      -0.54,
      0.53,
      -0.23,
      0.61,
      0.57,
      1.0,
      0.61,
      0.67,
      0.3
    ],
    [
      0.42,
      0.59,
      -0.0,
      -0.48,
      0.91,
      -0.48,
      0.79,
      0.56,
      0.61,
      1.0,
      0.83,
      0.45
    ],
    [
      0.47,
      0.62,
      0.04,
      -0.58,
      0.75,
      -0.39,
      0.93,
      0.66,
      0.67,
      0.83,
      1.0,
      0.42
    ],
    [
      0.01,
      0.08,
      0.55,
      -0.1,
      0.18,
      -0.52,
      0.19,
      0.57,
      0.3,
      0.45,
      0.42,
      1.0
    ]
  ],
  "lookback": 50,
  "updated": "2026-05-18T07:00:03.085663"
}