{
  "pairs": [
    "EURUSD",
    "GBPUSD",
    "USDJPY",
    "USDCHF",
    "AUDUSD",
    "USDCAD",
    "NZDUSD",
    "EURJPY",
    "GBPJPY",
    "AUDJPY",
    "NZDJPY",
    "CADJPY"
  ],
  "matrix": [
    [
      1.0,
      0.94,
      -0.47,
      -0.75,
      0.82,
      -0.62,
      0.77,
      -0.15,
      -0.04,
      0.03,
      0.08,
      -0.28
    ],
    [
      0.94,
      1.0,
      -0.47,
      -0.77,
      0.79,
      -0.72,
      0.78,
      -0.18,
      -0.01,
      0.01,
      0.09,
      -0.25
    ],
    [
      -0.47,
      -0.47,
      1.0,
      0.83,
      -0.36,
      0.23,
      -0.46,
      0.94,
      0.89,
      0.8,
      0.73,
      0.95
    ],
    [
      -0.75,
      -0.77,
      0.83,
      1.0,
      -0.67,
      0.46,
      -0.74,
      0.64,
      0.54,
      0.43,
      0.33,
      0.69
    ],
    [
      0.82,
      0.79,
      -0.36,
      -0.67,
      1.0,
      -0.5,
      0.9,
      -0.1,
      0.01,
      0.26,
      0.3,
      -0.2
    ],
    [
      -0.62,
      -0.72,
      0.23,
      0.46,
      -0.5,
      1.0,
      -0.53,
      0.02,
      -0.12,
      -0.08,
      -0.16,
      -0.1
    ],
    [
      0.77,
      0.78,
      -0.46,
      -0.74,
      0.9,
      -0.53,
      1.0,
      -0.22,
      -0.11,
      0.1,
      0.27,
      -0.29
    ],
    [
      -0.15,
      -0.18,
      0.94,
      0.64,
      -0.1,
      0.02,
      -0.22,
      1.0,
      0.98,
      0.91,
      0.85,
      0.96
    ],
    [
      -0.04,
      -0.01,
      0.89,
      0.54,
      0.01,
      -0.12,
      -0.11,
      0.98,
      1.0,
      0.92,
      0.87,
      0.94
    ],
    [
      0.03,
      0.01,
      0.8,
      0.43,
      0.26,
      -0.08,
      0.1,
      0.91,
      0.92,
      1.0,
      0.95,
      0.85
    ],
    [
      0.08,
      0.09,
      0.73,
      0.33,
      0.3,
      -0.16,
      0.27,
      0.85,
      0.87,
      0.95,
      1.0,
      0.8
    ],
    [
      -0.28,
      -0.25,
      0.95,
      0.69,
      -0.2,
      -0.1,
      -0.29,
      0.96,
      0.94,
      0.85,
      0.8,
      1.0
    ]
  ],
  "lookback": 50,
  "updated": "2026-05-06T04:09:20.226479"
}