{
  "pairs": [
    "EURUSD",
    "GBPUSD",
    "USDJPY",
    "USDCHF",
    "AUDUSD",
    "USDCAD",
    "NZDUSD",
    "EURJPY",
    "GBPJPY",
    "AUDJPY",
    "NZDJPY",
    "CADJPY"
  ],
  "matrix": [
    [
      1.0,
      0.95,
      -0.83,
      -0.85,
      0.86,
      -0.69,
      0.82,
      0.47,
      0.63,
      0.65,
      0.61,
      -0.5
    ],
    [
      0.95,
      1.0,
      -0.87,
      -0.88,
      0.86,
      -0.7,
      0.86,
      0.32,
      0.66,
      0.62,
      0.64,
      -0.54
    ],
    [
      -0.83,
      -0.87,
      1.0,
      0.81,
      -0.82,
      0.66,
      -0.82,
      0.09,
      -0.22,
      -0.45,
      -0.49,
      0.74
    ],
    [
      -0.85,
      -0.88,
      0.81,
      1.0,
      -0.77,
      0.74,
      -0.78,
      -0.25,
      -0.51,
      -0.54,
      -0.58,
      0.42
    ],
    [
      0.86,
      0.86,
      -0.82,
      -0.77,
      1.0,
      -0.84,
      0.9,
      0.25,
      0.46,
      0.88,
      0.75,
      -0.34
    ],
    [
      -0.69,
      -0.7,
      0.66,
      0.74,
      -0.84,
      1.0,
      -0.82,
      -0.18,
      -0.38,
      -0.76,
      -0.74,
      -0.01
    ],
    [
      0.82,
      0.86,
      -0.82,
      -0.78,
      0.9,
      -0.82,
      1.0,
      0.17,
      0.46,
      0.73,
      0.9,
      -0.37
    ],
    [
      0.47,
      0.32,
      0.09,
      -0.25,
      0.25,
      -0.18,
      0.17,
      1.0,
      0.79,
      0.46,
      0.32,
      0.28
    ],
    [
      0.63,
      0.66,
      -0.22,
      -0.51,
      0.46,
      -0.38,
      0.46,
      0.79,
      1.0,
      0.54,
      0.53,
      0.05
    ],
    [
      0.65,
      0.62,
      -0.45,
      -0.54,
      0.88,
      -0.76,
      0.73,
      0.46,
      0.54,
      1.0,
      0.77,
      0.08
    ],
    [
      0.61,
      0.64,
      -0.49,
      -0.58,
      0.75,
      -0.74,
      0.9,
      0.32,
      0.53,
      0.77,
      1.0,
      0.0
    ],
    [
      -0.5,
      -0.54,
      0.74,
      0.42,
      -0.34,
      -0.01,
      -0.37,
      0.28,
      0.05,
      0.08,
      0.0,
      1.0
    ]
  ],
  "lookback": 50,
  "updated": "2026-04-14T09:52:01.491315"
}