{
  "pairs": [
    "EURUSD",
    "GBPUSD",
    "USDJPY",
    "USDCHF",
    "AUDUSD",
    "USDCAD",
    "NZDUSD",
    "EURJPY",
    "GBPJPY",
    "AUDJPY",
    "NZDJPY",
    "CADJPY"
  ],
  "matrix": [
    [
      1.0,
      0.65,
      -0.48,
      -0.84,
      0.67,
      -0.5,
      0.77,
      0.59,
      0.49,
      0.55,
      0.66,
      -0.07
    ],
    [
      0.65,
      1.0,
      -0.46,
      -0.66,
      0.58,
      -0.33,
      0.63,
      0.25,
      0.89,
      0.45,
      0.51,
      -0.18
    ],
    [
      -0.48,
      -0.46,
      1.0,
      0.4,
      -0.53,
      0.39,
      -0.48,
      0.42,
      -0.01,
      -0.12,
      -0.08,
      0.67
    ],
    [
      -0.84,
      -0.66,
      0.4,
      1.0,
      -0.6,
      0.51,
      -0.69,
      -0.5,
      -0.55,
      -0.5,
      -0.59,
      -0.02
    ],
    [
      0.67,
      0.58,
      -0.53,
      -0.6,
      1.0,
      -0.58,
      0.87,
      0.2,
      0.38,
      0.9,
      0.74,
      -0.06
    ],
    [
      -0.5,
      -0.33,
      0.39,
      0.51,
      -0.58,
      1.0,
      -0.53,
      -0.15,
      -0.18,
      -0.49,
      -0.42,
      -0.41
    ],
    [
      0.77,
      0.63,
      -0.48,
      -0.69,
      0.87,
      -0.53,
      1.0,
      0.35,
      0.47,
      0.77,
      0.91,
      -0.06
    ],
    [
      0.59,
      0.25,
      0.42,
      -0.5,
      0.2,
      -0.15,
      0.35,
      1.0,
      0.5,
      0.46,
      0.6,
      0.54
    ],
    [
      0.49,
      0.89,
      -0.01,
      -0.55,
      0.38,
      -0.18,
      0.47,
      0.5,
      1.0,
      0.44,
      0.53,
      0.14
    ],
    [
      0.55,
      0.45,
      -0.12,
      -0.5,
      0.9,
      -0.49,
      0.77,
      0.46,
      0.44,
      1.0,
      0.82,
      0.27
    ],
    [
      0.66,
      0.51,
      -0.08,
      -0.59,
      0.74,
      -0.42,
      0.91,
      0.6,
      0.53,
      0.82,
      1.0,
      0.25
    ],
    [
      -0.07,
      -0.18,
      0.67,
      -0.02,
      -0.06,
      -0.41,
      -0.06,
      0.54,
      0.14,
      0.27,
      0.25,
      1.0
    ]
  ],
  "lookback": 50,
  "updated": "2026-05-19T21:49:09.408949"
}