{
  "pairs": [
    "EURUSD",
    "GBPUSD",
    "USDJPY",
    "USDCHF",
    "AUDUSD",
    "USDCAD",
    "NZDUSD",
    "EURJPY",
    "GBPJPY",
    "AUDJPY",
    "NZDJPY",
    "CADJPY"
  ],
  "matrix": [
    [
      1.0,
      0.78,
      -0.48,
      -0.8,
      0.78,
      -0.58,
      0.73,
      0.33,
      0.16,
      0.34,
      0.36,
      -0.03
    ],
    [
      0.78,
      1.0,
      -0.29,
      -0.79,
      0.76,
      -0.58,
      0.69,
      0.35,
      0.51,
      0.49,
      0.46,
      0.14
    ],
    [
      -0.48,
      -0.29,
      1.0,
      0.29,
      -0.37,
      0.21,
      -0.27,
      0.67,
      0.68,
      0.48,
      0.42,
      0.75
    ],
    [
      -0.8,
      -0.79,
      0.29,
      1.0,
      -0.73,
      0.59,
      -0.67,
      -0.37,
      -0.34,
      -0.45,
      -0.44,
      -0.14
    ],
    [
      0.78,
      0.76,
      -0.37,
      -0.73,
      1.0,
      -0.6,
      0.8,
      0.27,
      0.26,
      0.65,
      0.51,
      0.08
    ],
    [
      -0.58,
      -0.58,
      0.21,
      0.59,
      -0.6,
      1.0,
      -0.7,
      -0.27,
      -0.26,
      -0.4,
      -0.52,
      -0.5
    ],
    [
      0.73,
      0.69,
      -0.27,
      -0.67,
      0.8,
      -0.7,
      1.0,
      0.33,
      0.29,
      0.54,
      0.76,
      0.24
    ],
    [
      0.33,
      0.35,
      0.67,
      -0.37,
      0.27,
      -0.27,
      0.33,
      1.0,
      0.87,
      0.8,
      0.76,
      0.78
    ],
    [
      0.16,
      0.51,
      0.68,
      -0.34,
      0.26,
      -0.26,
      0.29,
      0.87,
      1.0,
      0.8,
      0.73,
      0.78
    ],
    [
      0.34,
      0.49,
      0.48,
      -0.45,
      0.65,
      -0.4,
      0.54,
      0.8,
      0.8,
      1.0,
      0.82,
      0.69
    ],
    [
      0.36,
      0.46,
      0.42,
      -0.44,
      0.51,
      -0.52,
      0.76,
      0.76,
      0.73,
      0.82,
      1.0,
      0.72
    ],
    [
      -0.03,
      0.14,
      0.75,
      -0.14,
      0.08,
      -0.5,
      0.24,
      0.78,
      0.78,
      0.69,
      0.72,
      1.0
    ]
  ],
  "lookback": 50,
  "updated": "2026-04-28T21:32:46.239552"
}