{
  "pairs": [
    "EURUSD",
    "GBPUSD",
    "USDJPY",
    "USDCHF",
    "AUDUSD",
    "USDCAD",
    "NZDUSD",
    "EURJPY",
    "GBPJPY",
    "AUDJPY",
    "NZDJPY",
    "CADJPY"
  ],
  "matrix": [
    [
      1.0,
      0.76,
      -0.54,
      -0.73,
      0.75,
      -0.29,
      0.72,
      0.34,
      0.16,
      0.43,
      0.37,
      -0.22
    ],
    [
      0.76,
      1.0,
      -0.36,
      -0.71,
      0.78,
      -0.29,
      0.74,
      0.31,
      0.53,
      0.6,
      0.52,
      -0.07
    ],
    [
      -0.54,
      -0.36,
      1.0,
      0.35,
      -0.47,
      0.19,
      -0.4,
      0.61,
      0.6,
      0.22,
      0.29,
      0.67
    ],
    [
      -0.73,
      -0.71,
      0.35,
      1.0,
      -0.54,
      0.6,
      -0.55,
      -0.29,
      -0.29,
      -0.34,
      -0.32,
      -0.17
    ],
    [
      0.75,
      0.78,
      -0.47,
      -0.54,
      1.0,
      -0.07,
      0.81,
      0.18,
      0.25,
      0.76,
      0.51,
      -0.33
    ],
    [
      -0.29,
      -0.29,
      0.19,
      0.6,
      -0.07,
      1.0,
      -0.21,
      -0.05,
      -0.07,
      0.06,
      -0.08,
      -0.6
    ],
    [
      0.72,
      0.74,
      -0.4,
      -0.55,
      0.81,
      -0.21,
      1.0,
      0.24,
      0.28,
      0.6,
      0.76,
      -0.16
    ],
    [
      0.34,
      0.31,
      0.61,
      -0.29,
      0.18,
      -0.05,
      0.24,
      1.0,
      0.82,
      0.65,
      0.68,
      0.54
    ],
    [
      0.16,
      0.53,
      0.6,
      -0.29,
      0.25,
      -0.07,
      0.28,
      0.82,
      1.0,
      0.72,
      0.71,
      0.54
    ],
    [
      0.43,
      0.6,
      0.22,
      -0.34,
      0.76,
      0.06,
      0.6,
      0.65,
      0.72,
      1.0,
      0.78,
      0.13
    ],
    [
      0.37,
      0.52,
      0.29,
      -0.32,
      0.51,
      -0.08,
      0.76,
      0.68,
      0.71,
      0.78,
      1.0,
      0.3
    ],
    [
      -0.22,
      -0.07,
      0.67,
      -0.17,
      -0.33,
      -0.6,
      -0.16,
      0.54,
      0.54,
      0.13,
      0.3,
      1.0
    ]
  ],
  "lookback": 50,
  "updated": "2026-04-27T04:02:32.762347"
}