{
  "pairs": [
    "EURUSD",
    "GBPUSD",
    "USDJPY",
    "USDCHF",
    "AUDUSD",
    "USDCAD",
    "NZDUSD",
    "EURJPY",
    "GBPJPY",
    "AUDJPY",
    "NZDJPY",
    "CADJPY"
  ],
  "matrix": [
    [
      1.0,
      0.87,
      -0.51,
      -0.72,
      0.77,
      -0.68,
      0.71,
      -0.21,
      -0.18,
      -0.12,
      -0.09,
      -0.27
    ],
    [
      0.87,
      1.0,
      -0.47,
      -0.72,
      0.75,
      -0.71,
      0.7,
      -0.22,
      -0.07,
      -0.08,
      -0.04,
      -0.22
    ],
    [
      -0.51,
      -0.47,
      1.0,
      0.81,
      -0.44,
      0.2,
      -0.52,
      0.95,
      0.91,
      0.85,
      0.79,
      0.94
    ],
    [
      -0.72,
      -0.72,
      0.81,
      1.0,
      -0.66,
      0.43,
      -0.7,
      0.65,
      0.59,
      0.51,
      0.44,
      0.66
    ],
    [
      0.77,
      0.75,
      -0.44,
      -0.66,
      1.0,
      -0.58,
      0.9,
      -0.22,
      -0.16,
      0.09,
      0.13,
      -0.24
    ],
    [
      -0.68,
      -0.71,
      0.2,
      0.43,
      -0.58,
      1.0,
      -0.62,
      -0.03,
      -0.1,
      -0.12,
      -0.21,
      -0.16
    ],
    [
      0.71,
      0.7,
      -0.52,
      -0.7,
      0.9,
      -0.62,
      1.0,
      -0.33,
      -0.26,
      -0.05,
      0.11,
      -0.3
    ],
    [
      -0.21,
      -0.22,
      0.95,
      0.65,
      -0.22,
      -0.03,
      -0.33,
      1.0,
      0.97,
      0.92,
      0.87,
      0.97
    ],
    [
      -0.18,
      -0.07,
      0.91,
      0.59,
      -0.16,
      -0.1,
      -0.26,
      0.97,
      1.0,
      0.92,
      0.87,
      0.96
    ],
    [
      -0.12,
      -0.08,
      0.85,
      0.51,
      0.09,
      -0.12,
      -0.05,
      0.92,
      0.92,
      1.0,
      0.95,
      0.9
    ],
    [
      -0.09,
      -0.04,
      0.79,
      0.44,
      0.13,
      -0.21,
      0.11,
      0.87,
      0.87,
      0.95,
      1.0,
      0.87
    ],
    [
      -0.27,
      -0.22,
      0.94,
      0.66,
      -0.24,
      -0.16,
      -0.3,
      0.97,
      0.96,
      0.9,
      0.87,
      1.0
    ]
  ],
  "lookback": 50,
  "updated": "2026-05-04T07:28:15.009501"
}