{
  "pairs": [
    "EURUSD",
    "GBPUSD",
    "USDJPY",
    "USDCHF",
    "AUDUSD",
    "USDCAD",
    "NZDUSD",
    "EURJPY",
    "GBPJPY"
  ],
  "matrix": [
    [
      1.0,
      0.96,
      -0.86,
      -0.9,
      0.88,
      -0.73,
      0.81,
      0.41,
      0.61
    ],
    [
      0.96,
      1.0,
      -0.88,
      -0.89,
      0.86,
      -0.7,
      0.86,
      0.29,
      0.66
    ],
    [
      -0.86,
      -0.88,
      1.0,
      0.86,
      -0.85,
      0.69,
      -0.83,
      0.11,
      -0.22
    ],
    [
      -0.9,
      -0.89,
      0.86,
      1.0,
      -0.81,
      0.7,
      -0.8,
      -0.22,
      -0.46
    ],
    [
      0.88,
      0.86,
      -0.85,
      -0.81,
      1.0,
      -0.85,
      0.87,
      0.18,
      0.42
    ],
    [
      -0.73,
      -0.7,
      0.69,
      0.7,
      -0.85,
      1.0,
      -0.83,
      -0.18,
      -0.33
    ],
    [
      0.81,
      0.86,
      -0.83,
      -0.8,
      0.87,
      -0.83,
      1.0,
      0.1,
      0.44
    ],
    [
      0.41,
      0.29,
      0.11,
      -0.22,
      0.18,
      -0.18,
      0.1,
      1.0,
      0.79
    ],
    [
      0.61,
      0.66,
      -0.22,
      -0.46,
      0.42,
      -0.33,
      0.44,
      0.79,
      1.0
    ]
  ],
  "lookback": 50,
  "updated": "2026-04-10T20:58:41.408074"
}