{
  "pairs": [
    "EURUSD",
    "GBPUSD",
    "USDJPY",
    "USDCHF",
    "AUDUSD",
    "USDCAD",
    "NZDUSD",
    "EURJPY",
    "GBPJPY",
    "AUDJPY",
    "NZDJPY",
    "CADJPY"
  ],
  "matrix": [
    [
      1.0,
      0.86,
      -0.54,
      -0.74,
      0.78,
      -0.24,
      0.78,
      0.36,
      0.28,
      0.42,
      0.44,
      -0.24
    ],
    [
      0.86,
      1.0,
      -0.62,
      -0.76,
      0.84,
      -0.25,
      0.82,
      0.13,
      0.33,
      0.42,
      0.41,
      -0.3
    ],
    [
      -0.54,
      -0.62,
      1.0,
      0.71,
      -0.47,
      0.3,
      -0.53,
      0.6,
      0.54,
      0.29,
      0.23,
      0.57
    ],
    [
      -0.74,
      -0.76,
      0.71,
      1.0,
      -0.56,
      0.53,
      -0.65,
      0.08,
      0.04,
      -0.04,
      -0.14,
      0.13
    ],
    [
      0.78,
      0.84,
      -0.47,
      -0.56,
      1.0,
      -0.15,
      0.83,
      0.22,
      0.35,
      0.71,
      0.55,
      -0.26
    ],
    [
      -0.24,
      -0.25,
      0.3,
      0.53,
      -0.15,
      1.0,
      -0.23,
      0.11,
      0.09,
      0.08,
      -0.01,
      -0.61
    ],
    [
      0.78,
      0.82,
      -0.53,
      -0.65,
      0.83,
      -0.23,
      1.0,
      0.15,
      0.24,
      0.47,
      0.7,
      -0.24
    ],
    [
      0.36,
      0.13,
      0.6,
      0.08,
      0.22,
      0.11,
      0.15,
      1.0,
      0.86,
      0.72,
      0.68,
      0.4
    ],
    [
      0.28,
      0.33,
      0.54,
      0.04,
      0.35,
      0.09,
      0.24,
      0.86,
      1.0,
      0.8,
      0.73,
      0.36
    ],
    [
      0.42,
      0.42,
      0.29,
      -0.04,
      0.71,
      0.08,
      0.47,
      0.72,
      0.8,
      1.0,
      0.79,
      0.17
    ],
    [
      0.44,
      0.41,
      0.23,
      -0.14,
      0.55,
      -0.01,
      0.7,
      0.68,
      0.73,
      0.79,
      1.0,
      0.2
    ],
    [
      -0.24,
      -0.3,
      0.57,
      0.13,
      -0.26,
      -0.61,
      -0.24,
      0.4,
      0.36,
      0.17,
      0.2,
      1.0
    ]
  ],
  "lookback": 50,
  "updated": "2026-04-23T06:18:51.107724"
}