{
  "pairs": [
    "EURUSD",
    "GBPUSD",
    "USDJPY",
    "USDCHF",
    "AUDUSD",
    "USDCAD",
    "NZDUSD",
    "EURJPY",
    "GBPJPY",
    "AUDJPY",
    "NZDJPY",
    "CADJPY"
  ],
  "matrix": [
    [
      1.0,
      0.63,
      -0.72,
      -0.87,
      0.68,
      -0.48,
      0.71,
      0.6,
      0.36,
      0.43,
      0.47,
      -0.17
    ],
    [
      0.63,
      1.0,
      -0.43,
      -0.77,
      0.76,
      -0.44,
      0.81,
      0.53,
      0.91,
      0.69,
      0.74,
      0.06
    ],
    [
      -0.72,
      -0.43,
      1.0,
      0.67,
      -0.63,
      0.42,
      -0.54,
      0.09,
      -0.02,
      -0.19,
      -0.12,
      0.48
    ],
    [
      -0.87,
      -0.77,
      0.67,
      1.0,
      -0.73,
      0.47,
      -0.82,
      -0.55,
      -0.55,
      -0.52,
      -0.63,
      0.12
    ],
    [
      0.68,
      0.76,
      -0.63,
      -0.73,
      1.0,
      -0.59,
      0.85,
      0.36,
      0.55,
      0.89,
      0.67,
      0.03
    ],
    [
      -0.48,
      -0.44,
      0.42,
      0.47,
      -0.59,
      1.0,
      -0.51,
      -0.24,
      -0.29,
      -0.49,
      -0.38,
      -0.59
    ],
    [
      0.71,
      0.81,
      -0.54,
      -0.82,
      0.85,
      -0.51,
      1.0,
      0.51,
      0.64,
      0.74,
      0.9,
      0.03
    ],
    [
      0.6,
      0.53,
      0.09,
      -0.55,
      0.36,
      -0.24,
      0.51,
      1.0,
      0.63,
      0.5,
      0.65,
      0.33
    ],
    [
      0.36,
      0.91,
      -0.02,
      -0.55,
      0.55,
      -0.29,
      0.64,
      0.63,
      1.0,
      0.68,
      0.76,
      0.3
    ],
    [
      0.43,
      0.69,
      -0.19,
      -0.52,
      0.89,
      -0.49,
      0.74,
      0.5,
      0.68,
      1.0,
      0.76,
      0.32
    ],
    [
      0.47,
      0.74,
      -0.12,
      -0.63,
      0.67,
      -0.38,
      0.9,
      0.65,
      0.76,
      0.76,
      1.0,
      0.28
    ],
    [
      -0.17,
      0.06,
      0.48,
      0.12,
      0.03,
      -0.59,
      0.03,
      0.33,
      0.3,
      0.32,
      0.28,
      1.0
    ]
  ],
  "lookback": 50,
  "updated": "2026-05-14T16:51:40.618973"
}