{
  "pairs": [
    "EURUSD",
    "GBPUSD",
    "USDJPY",
    "USDCHF",
    "AUDUSD",
    "USDCAD",
    "NZDUSD",
    "EURJPY",
    "GBPJPY",
    "AUDJPY",
    "NZDJPY",
    "CADJPY"
  ],
  "matrix": [
    [
      1.0,
      0.75,
      -0.54,
      -0.74,
      0.76,
      -0.41,
      0.74,
      0.38,
      0.16,
      0.46,
      0.42,
      -0.1
    ],
    [
      0.75,
      1.0,
      -0.36,
      -0.72,
      0.79,
      -0.34,
      0.73,
      0.33,
      0.54,
      0.61,
      0.53,
      -0.01
    ],
    [
      -0.54,
      -0.36,
      1.0,
      0.36,
      -0.46,
      0.22,
      -0.39,
      0.58,
      0.6,
      0.21,
      0.26,
      0.62
    ],
    [
      -0.74,
      -0.72,
      0.36,
      1.0,
      -0.55,
      0.58,
      -0.56,
      -0.32,
      -0.29,
      -0.35,
      -0.34,
      -0.18
    ],
    [
      0.76,
      0.79,
      -0.46,
      -0.55,
      1.0,
      -0.17,
      0.82,
      0.22,
      0.25,
      0.77,
      0.55,
      -0.23
    ],
    [
      -0.41,
      -0.34,
      0.22,
      0.58,
      -0.17,
      1.0,
      -0.36,
      -0.15,
      -0.09,
      -0.03,
      -0.23,
      -0.63
    ],
    [
      0.74,
      0.73,
      -0.39,
      -0.56,
      0.82,
      -0.36,
      1.0,
      0.29,
      0.28,
      0.63,
      0.79,
      -0.02
    ],
    [
      0.38,
      0.33,
      0.58,
      -0.32,
      0.22,
      -0.15,
      0.29,
      1.0,
      0.81,
      0.67,
      0.69,
      0.58
    ],
    [
      0.16,
      0.54,
      0.6,
      -0.29,
      0.25,
      -0.09,
      0.28,
      0.81,
      1.0,
      0.71,
      0.69,
      0.55
    ],
    [
      0.46,
      0.61,
      0.21,
      -0.35,
      0.77,
      -0.03,
      0.63,
      0.67,
      0.71,
      1.0,
      0.79,
      0.19
    ],
    [
      0.42,
      0.53,
      0.26,
      -0.34,
      0.55,
      -0.23,
      0.79,
      0.69,
      0.69,
      0.79,
      1.0,
      0.39
    ],
    [
      -0.1,
      -0.01,
      0.62,
      -0.18,
      -0.23,
      -0.63,
      -0.02,
      0.58,
      0.55,
      0.19,
      0.39,
      1.0
    ]
  ],
  "lookback": 50,
  "updated": "2026-04-27T14:30:15.298163"
}