{
  "pairs": [
    "EURUSD",
    "GBPUSD",
    "USDJPY",
    "USDCHF",
    "AUDUSD",
    "USDCAD",
    "NZDUSD",
    "EURJPY",
    "GBPJPY",
    "AUDJPY",
    "NZDJPY",
    "CADJPY"
  ],
  "matrix": [
    [
      1.0,
      0.88,
      -0.58,
      -0.71,
      0.82,
      -0.26,
      0.81,
      0.29,
      0.31,
      0.47,
      0.44,
      -0.26
    ],
    [
      0.88,
      1.0,
      -0.69,
      -0.71,
      0.86,
      -0.28,
      0.8,
      0.03,
      0.31,
      0.41,
      0.32,
      -0.34
    ],
    [
      -0.58,
      -0.69,
      1.0,
      0.72,
      -0.52,
      0.34,
      -0.57,
      0.61,
      0.47,
      0.23,
      0.23,
      0.55
    ],
    [
      -0.71,
      -0.71,
      0.72,
      1.0,
      -0.56,
      0.54,
      -0.65,
      0.16,
      0.08,
      -0.05,
      -0.13,
      0.14
    ],
    [
      0.82,
      0.86,
      -0.52,
      -0.56,
      1.0,
      -0.19,
      0.83,
      0.19,
      0.36,
      0.72,
      0.51,
      -0.28
    ],
    [
      -0.26,
      -0.28,
      0.34,
      0.54,
      -0.19,
      1.0,
      -0.25,
      0.15,
      0.11,
      0.07,
      0.02,
      -0.6
    ],
    [
      0.81,
      0.8,
      -0.57,
      -0.65,
      0.83,
      -0.25,
      1.0,
      0.12,
      0.24,
      0.48,
      0.67,
      -0.27
    ],
    [
      0.29,
      0.03,
      0.61,
      0.16,
      0.19,
      0.15,
      0.12,
      1.0,
      0.86,
      0.72,
      0.69,
      0.39
    ],
    [
      0.31,
      0.31,
      0.47,
      0.08,
      0.36,
      0.11,
      0.24,
      0.86,
      1.0,
      0.8,
      0.7,
      0.3
    ],
    [
      0.47,
      0.41,
      0.23,
      -0.05,
      0.72,
      0.07,
      0.48,
      0.72,
      0.8,
      1.0,
      0.77,
      0.13
    ],
    [
      0.44,
      0.32,
      0.23,
      -0.13,
      0.51,
      0.02,
      0.67,
      0.69,
      0.7,
      0.77,
      1.0,
      0.18
    ],
    [
      -0.26,
      -0.34,
      0.55,
      0.14,
      -0.28,
      -0.6,
      -0.27,
      0.39,
      0.3,
      0.13,
      0.18,
      1.0
    ]
  ],
  "lookback": 50,
  "updated": "2026-04-22T06:14:14.334909"
}