{
  "pairs": [
    "EURUSD",
    "GBPUSD",
    "USDJPY",
    "USDCHF",
    "AUDUSD",
    "USDCAD",
    "NZDUSD",
    "EURJPY",
    "GBPJPY",
    "AUDJPY",
    "NZDJPY",
    "CADJPY"
  ],
  "matrix": [
    [
      1.0,
      0.47,
      -0.6,
      -0.78,
      0.59,
      -0.36,
      0.6,
      0.62,
      0.28,
      0.37,
      0.4,
      -0.11
    ],
    [
      0.47,
      1.0,
      -0.29,
      -0.66,
      0.65,
      -0.26,
      0.7,
      0.45,
      0.94,
      0.57,
      0.61,
      0.05
    ],
    [
      -0.6,
      -0.29,
      1.0,
      0.51,
      -0.36,
      0.2,
      -0.26,
      0.22,
      0.07,
      0.06,
      0.11,
      0.55
    ],
    [
      -0.78,
      -0.66,
      0.51,
      1.0,
      -0.63,
      0.38,
      -0.7,
      -0.54,
      -0.5,
      -0.44,
      -0.54,
      0.01
    ],
    [
      0.59,
      0.65,
      -0.36,
      -0.63,
      1.0,
      -0.43,
      0.85,
      0.44,
      0.54,
      0.91,
      0.74,
      0.12
    ],
    [
      -0.36,
      -0.26,
      0.2,
      0.38,
      -0.43,
      1.0,
      -0.41,
      -0.24,
      -0.19,
      -0.36,
      -0.34,
      -0.71
    ],
    [
      0.6,
      0.7,
      -0.26,
      -0.7,
      0.85,
      -0.41,
      1.0,
      0.56,
      0.62,
      0.79,
      0.93,
      0.18
    ],
    [
      0.62,
      0.45,
      0.22,
      -0.54,
      0.44,
      -0.24,
      0.56,
      1.0,
      0.55,
      0.56,
      0.66,
      0.39
    ],
    [
      0.28,
      0.94,
      0.07,
      -0.5,
      0.54,
      -0.19,
      0.62,
      0.55,
      1.0,
      0.6,
      0.67,
      0.25
    ],
    [
      0.37,
      0.57,
      0.06,
      -0.44,
      0.91,
      -0.36,
      0.79,
      0.56,
      0.6,
      1.0,
      0.83,
      0.36
    ],
    [
      0.4,
      0.61,
      0.11,
      -0.54,
      0.74,
      -0.34,
      0.93,
      0.66,
      0.67,
      0.83,
      1.0,
      0.38
    ],
    [
      -0.11,
      0.05,
      0.55,
      0.01,
      0.12,
      -0.71,
      0.18,
      0.39,
      0.25,
      0.36,
      0.38,
      1.0
    ]
  ],
  "lookback": 50,
  "updated": "2026-05-16T14:02:04.700555"
}