{
  "pairs": [
    "EURUSD",
    "GBPUSD",
    "USDJPY",
    "USDCHF",
    "AUDUSD",
    "USDCAD",
    "NZDUSD",
    "EURJPY",
    "GBPJPY",
    "AUDJPY",
    "NZDJPY",
    "CADJPY"
  ],
  "matrix": [
    [
      1.0,
      0.78,
      -0.5,
      -0.8,
      0.77,
      -0.59,
      0.78,
      0.33,
      0.16,
      0.36,
      0.43,
      -0.04
    ],
    [
      0.78,
      1.0,
      -0.29,
      -0.78,
      0.77,
      -0.59,
      0.77,
      0.37,
      0.52,
      0.52,
      0.56,
      0.15
    ],
    [
      -0.5,
      -0.29,
      1.0,
      0.3,
      -0.38,
      0.22,
      -0.33,
      0.65,
      0.67,
      0.42,
      0.36,
      0.74
    ],
    [
      -0.8,
      -0.78,
      0.3,
      1.0,
      -0.68,
      0.59,
      -0.66,
      -0.37,
      -0.34,
      -0.43,
      -0.44,
      -0.14
    ],
    [
      0.77,
      0.77,
      -0.38,
      -0.68,
      1.0,
      -0.59,
      0.9,
      0.26,
      0.26,
      0.68,
      0.63,
      0.07
    ],
    [
      -0.59,
      -0.59,
      0.22,
      0.59,
      -0.59,
      1.0,
      -0.7,
      -0.27,
      -0.26,
      -0.4,
      -0.54,
      -0.49
    ],
    [
      0.78,
      0.77,
      -0.33,
      -0.66,
      0.9,
      -0.7,
      1.0,
      0.31,
      0.3,
      0.62,
      0.76,
      0.18
    ],
    [
      0.33,
      0.37,
      0.65,
      -0.37,
      0.26,
      -0.27,
      0.31,
      1.0,
      0.87,
      0.78,
      0.76,
      0.77
    ],
    [
      0.16,
      0.52,
      0.67,
      -0.34,
      0.26,
      -0.26,
      0.3,
      0.87,
      1.0,
      0.78,
      0.76,
      0.78
    ],
    [
      0.36,
      0.52,
      0.42,
      -0.43,
      0.68,
      -0.4,
      0.62,
      0.78,
      0.78,
      1.0,
      0.9,
      0.65
    ],
    [
      0.43,
      0.56,
      0.36,
      -0.44,
      0.63,
      -0.54,
      0.76,
      0.76,
      0.76,
      0.9,
      1.0,
      0.69
    ],
    [
      -0.04,
      0.15,
      0.74,
      -0.14,
      0.07,
      -0.49,
      0.18,
      0.77,
      0.78,
      0.65,
      0.69,
      1.0
    ]
  ],
  "lookback": 50,
  "updated": "2026-04-29T06:40:19.772406"
}