{
  "pairs": [
    "EURUSD",
    "GBPUSD",
    "USDJPY",
    "USDCHF",
    "AUDUSD",
    "USDCAD",
    "NZDUSD",
    "EURJPY",
    "GBPJPY",
    "AUDJPY",
    "NZDJPY",
    "CADJPY"
  ],
  "matrix": [
    [
      1.0,
      0.78,
      -0.51,
      -0.79,
      0.72,
      -0.59,
      0.82,
      0.54,
      0.46,
      0.57,
      0.69,
      -0.06
    ],
    [
      0.78,
      1.0,
      -0.41,
      -0.74,
      0.65,
      -0.51,
      0.68,
      0.48,
      0.79,
      0.57,
      0.58,
      -0.02
    ],
    [
      -0.51,
      -0.41,
      1.0,
      0.32,
      -0.6,
      0.42,
      -0.51,
      0.41,
      0.23,
      -0.18,
      -0.08,
      0.7
    ],
    [
      -0.79,
      -0.74,
      0.32,
      1.0,
      -0.61,
      0.42,
      -0.66,
      -0.61,
      -0.58,
      -0.57,
      -0.58,
      0.01
    ],
    [
      0.72,
      0.65,
      -0.6,
      -0.61,
      1.0,
      -0.53,
      0.88,
      0.21,
      0.29,
      0.89,
      0.7,
      -0.22
    ],
    [
      -0.59,
      -0.51,
      0.42,
      0.42,
      -0.53,
      1.0,
      -0.53,
      -0.22,
      -0.24,
      -0.4,
      -0.41,
      -0.35
    ],
    [
      0.82,
      0.68,
      -0.51,
      -0.66,
      0.88,
      -0.53,
      1.0,
      0.37,
      0.37,
      0.77,
      0.89,
      -0.12
    ],
    [
      0.54,
      0.48,
      0.41,
      -0.61,
      0.21,
      -0.22,
      0.37,
      1.0,
      0.78,
      0.48,
      0.64,
      0.59
    ],
    [
      0.46,
      0.79,
      0.23,
      -0.58,
      0.29,
      -0.24,
      0.37,
      0.78,
      1.0,
      0.49,
      0.53,
      0.42
    ],
    [
      0.57,
      0.57,
      -0.18,
      -0.57,
      0.89,
      -0.4,
      0.77,
      0.48,
      0.49,
      1.0,
      0.79,
      0.11
    ],
    [
      0.69,
      0.58,
      -0.08,
      -0.58,
      0.7,
      -0.41,
      0.89,
      0.64,
      0.53,
      0.79,
      1.0,
      0.23
    ],
    [
      -0.06,
      -0.02,
      0.7,
      0.01,
      -0.22,
      -0.35,
      -0.12,
      0.59,
      0.42,
      0.11,
      0.23,
      1.0
    ]
  ],
  "lookback": 50,
  "updated": "2026-05-24T21:14:17.230805"
}