{
  "pairs": [
    "EURUSD",
    "GBPUSD",
    "USDJPY",
    "USDCHF",
    "AUDUSD",
    "USDCAD",
    "NZDUSD",
    "EURJPY",
    "GBPJPY",
    "AUDJPY",
    "NZDJPY",
    "CADJPY"
  ],
  "matrix": [
    [
      1.0,
      0.86,
      -0.53,
      -0.74,
      0.78,
      -0.24,
      0.79,
      0.37,
      0.29,
      0.42,
      0.43,
      -0.23
    ],
    [
      0.86,
      1.0,
      -0.61,
      -0.76,
      0.83,
      -0.27,
      0.81,
      0.14,
      0.36,
      0.42,
      0.39,
      -0.27
    ],
    [
      -0.53,
      -0.61,
      1.0,
      0.71,
      -0.46,
      0.31,
      -0.52,
      0.59,
      0.52,
      0.29,
      0.27,
      0.55
    ],
    [
      -0.74,
      -0.76,
      0.71,
      1.0,
      -0.56,
      0.54,
      -0.64,
      0.08,
      0.02,
      -0.04,
      -0.11,
      0.11
    ],
    [
      0.78,
      0.83,
      -0.46,
      -0.56,
      1.0,
      -0.16,
      0.83,
      0.24,
      0.36,
      0.71,
      0.54,
      -0.24
    ],
    [
      -0.24,
      -0.27,
      0.31,
      0.54,
      -0.16,
      1.0,
      -0.23,
      0.11,
      0.08,
      0.07,
      0.0,
      -0.63
    ],
    [
      0.79,
      0.81,
      -0.52,
      -0.64,
      0.83,
      -0.23,
      1.0,
      0.18,
      0.26,
      0.48,
      0.68,
      -0.22
    ],
    [
      0.37,
      0.14,
      0.59,
      0.08,
      0.24,
      0.11,
      0.18,
      1.0,
      0.85,
      0.72,
      0.71,
      0.39
    ],
    [
      0.29,
      0.36,
      0.52,
      0.02,
      0.36,
      0.08,
      0.26,
      0.85,
      1.0,
      0.8,
      0.74,
      0.36
    ],
    [
      0.42,
      0.42,
      0.29,
      -0.04,
      0.71,
      0.07,
      0.48,
      0.72,
      0.8,
      1.0,
      0.79,
      0.18
    ],
    [
      0.43,
      0.39,
      0.27,
      -0.11,
      0.54,
      0.0,
      0.68,
      0.71,
      0.74,
      0.79,
      1.0,
      0.22
    ],
    [
      -0.23,
      -0.27,
      0.55,
      0.11,
      -0.24,
      -0.63,
      -0.22,
      0.39,
      0.36,
      0.18,
      0.22,
      1.0
    ]
  ],
  "lookback": 50,
  "updated": "2026-04-22T17:17:42.953021"
}