{
  "pairs": [
    "EURUSD",
    "GBPUSD",
    "USDJPY",
    "USDCHF",
    "AUDUSD",
    "USDCAD",
    "NZDUSD",
    "EURJPY",
    "GBPJPY",
    "AUDJPY",
    "NZDJPY",
    "CADJPY"
  ],
  "matrix": [
    [
      1.0,
      0.74,
      -0.51,
      -0.88,
      0.71,
      -0.6,
      0.8,
      0.63,
      0.59,
      0.58,
      0.7,
      -0.01
    ],
    [
      0.74,
      1.0,
      -0.52,
      -0.69,
      0.61,
      -0.31,
      0.67,
      0.34,
      0.88,
      0.47,
      0.54,
      -0.25
    ],
    [
      -0.51,
      -0.52,
      1.0,
      0.42,
      -0.54,
      0.4,
      -0.49,
      0.34,
      -0.06,
      -0.16,
      -0.14,
      0.66
    ],
    [
      -0.88,
      -0.69,
      0.42,
      1.0,
      -0.62,
      0.54,
      -0.72,
      -0.58,
      -0.58,
      -0.53,
      -0.64,
      -0.03
    ],
    [
      0.71,
      0.61,
      -0.54,
      -0.62,
      1.0,
      -0.59,
      0.89,
      0.28,
      0.42,
      0.92,
      0.78,
      -0.05
    ],
    [
      -0.6,
      -0.31,
      0.4,
      0.54,
      -0.59,
      1.0,
      -0.55,
      -0.29,
      -0.15,
      -0.51,
      -0.45,
      -0.43
    ],
    [
      0.8,
      0.67,
      -0.49,
      -0.72,
      0.89,
      -0.55,
      1.0,
      0.42,
      0.51,
      0.8,
      0.93,
      -0.05
    ],
    [
      0.63,
      0.34,
      0.34,
      -0.58,
      0.28,
      -0.29,
      0.42,
      1.0,
      0.59,
      0.49,
      0.63,
      0.58
    ],
    [
      0.59,
      0.88,
      -0.06,
      -0.58,
      0.42,
      -0.15,
      0.51,
      0.59,
      1.0,
      0.46,
      0.55,
      0.07
    ],
    [
      0.58,
      0.47,
      -0.16,
      -0.53,
      0.92,
      -0.51,
      0.8,
      0.49,
      0.46,
      1.0,
      0.85,
      0.25
    ],
    [
      0.7,
      0.54,
      -0.14,
      -0.64,
      0.78,
      -0.45,
      0.93,
      0.63,
      0.55,
      0.85,
      1.0,
      0.23
    ],
    [
      -0.01,
      -0.25,
      0.66,
      -0.03,
      -0.05,
      -0.43,
      -0.05,
      0.58,
      0.07,
      0.25,
      0.23,
      1.0
    ]
  ],
  "lookback": 50,
  "updated": "2026-05-20T18:34:55.522348"
}